File1,File2,gt,pred
"('rep1_RGB_GH1Test2_14dat_AMARE_Atrazine_Bottom_Angle_180_2022-02-10_09-21-36-981_Visible.jpg',)","('rep2_RGB_GH1Test2_14dat_AMARE_Control_Angle_180_2022-02-10_09-49-01-347_Visible.jpg',)",70.0,99.99983215332031
"('rep1_RGB_GH1Test2_14dat_AMARE_Atrazine_Bottom_Angle_180_2022-02-10_09-21-36-981_Visible.jpg',)","('rep3_RGB_GH1Test2_14dat_AMARE_Control_Top_0_2022-02-10_09-46-32-237_Visible.jpg',)",70.0,99.99987030029297
"('rep1_RGB_GH1Test2_14dat_AMARE_Atrazine_Bottom_Angle_180_2022-02-10_09-21-36-981_Visible.jpg',)","('rep3_RGB_GH1Test2_14dat_AMARE_Control_Angle_60_2022-02-10_09-42-22-413_Visible.jpg',)",70.0,99.9863510131836
"('rep1_RGB_GH1Test2_14dat_AMARE_Atrazine_Bottom_Angle_180_2022-02-10_09-21-36-981_Visible.jpg',)","('rep3_RGB_GH1Test2_14dat_AMARE_Control_Angle_120_2022-02-10_09-42-34-390_Visible.jpg',)",70.0,99.99468231201172
"('rep1_RGB_GH1Test2_14dat_AMARE_Atrazine_Bottom_Angle_180_2022-02-10_09-21-36-981_Visible.jpg',)","('rep4_RGB_GH1Test2_14dat_AMARE_Control_Angle_60_2022-02-10_09-48-37-220_Visible.jpg',)",70.0,99.99139404296875
"('rep1_RGB_GH1Test2_14dat_AMARE_Atrazine_Bottom_Angle_180_2022-02-10_09-21-36-981_Visible.jpg',)","('rep4_RGB_GH1Test2_14dat_AMARE_Control_Angle_240_2022-02-10_09-49-13-495_Visible.jpg',)",70.0,99.99928283691406
"('rep1_RGB_GH1Test2_14dat_AMARE_Atrazine_Bottom_Angle_180_2022-02-10_09-21-36-981_Visible.jpg',)","('rep1_RGB_GH1Test2_14dat_AMARE_Control_Top_0_2022-02-10_09-42-07-470_Visible.jpg',)",75.0,99.99993896484375
"('rep1_RGB_GH1Test2_14dat_AMARE_Atrazine_Bottom_Angle_180_2022-02-10_09-21-36-981_Visible.jpg',)","('rep1_RGB_GH1Test2_14dat_AMARE_Control_Top_0_2022-02-10_09-46-32-237_Visible.jpg',)",75.0,99.98319244384766
"('rep1_RGB_GH1Test2_14dat_AMARE_Atrazine_Bottom_Angle_180_2022-02-10_09-21-36-981_Visible.jpg',)","('rep4_RGB_GH1Test2_14dat_AMARE_Control_Top_0_2022-02-10_09-46-32-237_Visible.jpg',)",75.0,99.99940490722656
"('rep1_RGB_GH1Test2_14dat_AMARE_Atrazine_Bottom_Angle_180_2022-02-10_09-21-36-981_Visible.jpg',)","('rep2_RGB_GH1Test2_14dat_AMARE_Control_Top_0_2022-02-10_09-48-22-432_Visible.jpg',)",70.0,99.99883270263672
"('rep1_RGB_GH1Test2_14dat_AMARE_Atrazine_Bottom_Angle_180_2022-02-10_09-21-36-981_Visible.jpg',)","('rep4_RGB_GH1Test2_14dat_AMARE_Control_Angle_0_2022-02-10_09-48-25-306_Visible.jpg',)",75.0,99.9969253540039
"('rep1_RGB_GH1Test2_14dat_AMARE_Atrazine_Bottom_Angle_180_2022-02-10_09-21-36-981_Visible.jpg',)","('rep4_RGB_GH1Test2_14dat_AMARE_Control_Angle_180_2022-02-10_09-47-11-266_Visible.jpg',)",75.0,99.98785400390625
"('rep1_RGB_GH1Test2_14dat_AMARE_Atrazine_Bottom_Angle_180_2022-02-10_09-21-36-981_Visible.jpg',)","('rep3_RGB_GH1Test2_14dat_AMARE_Control_Angle_120_2022-02-10_09-46-59-176_Visible.jpg',)",75.0,99.99974060058594
"('rep1_RGB_GH1Test2_14dat_AMARE_Atrazine_Bottom_Angle_180_2022-02-10_09-21-36-981_Visible.jpg',)","('rep4_RGB_GH1Test2_14dat_AMARE_Control_Top_0_2022-02-10_09-46-32-237_Visible.jpg',)",70.0,99.9996566772461
"('rep1_RGB_GH1Test2_14dat_AMARE_Atrazine_Bottom_Angle_180_2022-02-10_09-21-36-981_Visible.jpg',)","('rep1_RGB_GH1Test2_14dat_AMARE_Control_Top_0_2022-02-10_09-42-07-470_Visible.jpg',)",70.0,99.99980926513672
"('rep1_RGB_GH1Test2_14dat_AMARE_Atrazine_Bottom_Angle_180_2022-02-10_09-21-36-981_Visible.jpg',)","('rep3_RGB_GH1Test2_14dat_AMARE_Control_Top_0_2022-02-10_09-42-07-470_Visible.jpg',)",70.0,99.99254608154297
"('rep1_RGB_GH1Test2_14dat_AMARE_Atrazine_Bottom_Angle_180_2022-02-10_09-21-36-981_Visible.jpg',)","('rep1_RGB_GH1Test2_14dat_AMARE_Control_Angle_180_2022-02-10_09-44-35-841_Visible.jpg',)",70.0,99.95150756835938
"('rep1_RGB_GH1Test2_14dat_AMARE_Atrazine_Bottom_Angle_180_2022-02-10_09-21-36-981_Visible.jpg',)","('rep3_RGB_GH1Test2_14dat_AMARE_Control_Angle_60_2022-02-10_09-46-47-099_Visible.jpg',)",70.0,99.96892547607422
"('rep1_RGB_GH1Test2_14dat_AMARE_Atrazine_Bottom_Angle_180_2022-02-10_09-21-36-981_Visible.jpg',)","('rep4_RGB_GH1Test2_14dat_AMARE_Control_Angle_0_2022-02-10_09-46-35-148_Visible.jpg',)",70.0,99.9995346069336
"('rep1_RGB_GH1Test2_14dat_AMARE_Atrazine_Bottom_Angle_180_2022-02-10_09-21-36-981_Visible.jpg',)","('rep1_RGB_GH1Test2_14dat_AMARE_Control_Angle_120_2022-02-10_09-42-34-390_Visible.jpg',)",75.0,99.99991607666016
"('rep1_RGB_GH1Test2_14dat_AMARE_Atrazine_Bottom_Angle_180_2022-02-10_09-21-36-981_Visible.jpg',)","('rep1_RGB_GH1Test2_14dat_AMARE_Control_Top_0_2022-02-10_09-43-57-062_Visible.jpg',)",70.0,99.9892807006836
"('rep1_RGB_GH1Test2_14dat_AMARE_Atrazine_Top_Angle_180_2022-02-10_09-19-28-714_Visible.jpg',)","('rep4_RGB_GH1Test2_14dat_AMARE_Control_Angle_0_2022-02-10_09-42-10-411_Visible.jpg',)",100.0,100.0
"('rep1_RGB_GH1Test2_14dat_AMARE_Atrazine_Top_Angle_180_2022-02-10_09-19-28-714_Visible.jpg',)","('rep3_RGB_GH1Test2_14dat_AMARE_Control_Top_0_2022-02-10_09-43-57-062_Visible.jpg',)",100.0,100.0
"('rep1_RGB_GH1Test2_14dat_AMARE_Atrazine_Top_Angle_180_2022-02-10_09-19-28-714_Visible.jpg',)","('rep2_RGB_GH1Test2_14dat_AMARE_Control_Angle_240_2022-02-10_09-49-13-495_Visible.jpg',)",100.0,100.0
"('rep1_RGB_GH1Test2_14dat_AMARE_Atrazine_Top_Angle_180_2022-02-10_09-19-28-714_Visible.jpg',)","('rep3_RGB_GH1Test2_14dat_AMARE_Control_Angle_120_2022-02-10_09-44-23-954_Visible.jpg',)",100.0,100.0
"('rep1_RGB_GH1Test2_14dat_AMARE_Atrazine_Top_Angle_180_2022-02-10_09-19-28-714_Visible.jpg',)","('rep3_RGB_GH1Test2_14dat_AMARE_Control_Angle_60_2022-02-10_09-42-22-413_Visible.jpg',)",100.0,100.0
"('rep1_RGB_GH1Test2_14dat_AMARE_Atrazine_Top_Angle_180_2022-02-10_09-19-28-714_Visible.jpg',)","('rep1_RGB_GH1Test2_14dat_AMARE_Control_Angle_0_2022-02-10_09-43-59-975_Visible.jpg',)",100.0,100.0
"('rep1_RGB_GH1Test2_14dat_AMARE_Atrazine_Top_Angle_180_2022-02-10_09-19-28-714_Visible.jpg',)","('rep3_RGB_GH1Test2_14dat_AMARE_Control_Top_0_2022-02-10_09-48-22-432_Visible.jpg',)",100.0,100.0
"('rep1_RGB_GH1Test2_14dat_AMARE_Atrazine_Top_Angle_180_2022-02-10_09-19-28-714_Visible.jpg',)","('rep3_RGB_GH1Test2_14dat_AMARE_Control_Top_0_2022-02-10_09-46-32-237_Visible.jpg',)",100.0,100.0
"('rep1_RGB_GH1Test2_14dat_AMARE_Atrazine_Top_Angle_180_2022-02-10_09-19-28-714_Visible.jpg',)","('rep1_RGB_GH1Test2_14dat_AMARE_Control_Top_0_2022-02-10_09-43-57-062_Visible.jpg',)",100.0,100.0
"('rep1_RGB_GH1Test2_14dat_AMARE_Atrazine_Top_Angle_180_2022-02-10_09-19-28-714_Visible.jpg',)","('rep1_RGB_GH1Test2_14dat_AMARE_Control_Top_0_2022-02-10_09-43-57-062_Visible.jpg',)",100.0,100.0
"('rep1_RGB_GH1Test2_14dat_AMARE_Atrazine_Top_Angle_180_2022-02-10_09-19-28-714_Visible.jpg',)","('rep2_RGB_GH1Test2_14dat_AMARE_Control_Angle_180_2022-02-10_09-47-11-266_Visible.jpg',)",100.0,100.0
"('rep1_RGB_GH1Test2_14dat_AMARE_Atrazine_Top_Angle_180_2022-02-10_09-19-28-714_Visible.jpg',)","('rep2_RGB_GH1Test2_14dat_AMARE_Control_Angle_0_2022-02-10_09-48-25-306_Visible.jpg',)",100.0,100.0
"('rep1_RGB_GH1Test2_14dat_AMARE_Atrazine_Top_Angle_180_2022-02-10_09-19-28-714_Visible.jpg',)","('rep1_RGB_GH1Test2_14dat_AMARE_Control_Angle_240_2022-02-10_09-44-47-763_Visible.jpg',)",100.0,100.0
"('rep1_RGB_GH1Test2_14dat_AMARE_Atrazine_Top_Angle_180_2022-02-10_09-19-28-714_Visible.jpg',)","('rep4_RGB_GH1Test2_14dat_AMARE_Control_Top_0_2022-02-10_09-42-07-470_Visible.jpg',)",100.0,100.0
"('rep1_RGB_GH1Test2_14dat_AMARE_Atrazine_Top_Angle_180_2022-02-10_09-19-28-714_Visible.jpg',)","('rep2_RGB_GH1Test2_14dat_AMARE_Control_Top_0_2022-02-10_09-46-32-237_Visible.jpg',)",100.0,100.0
"('rep1_RGB_GH1Test2_14dat_AMARE_Atrazine_Top_Angle_180_2022-02-10_09-19-28-714_Visible.jpg',)","('rep3_RGB_GH1Test2_14dat_AMARE_Control_Top_0_2022-02-10_09-46-32-237_Visible.jpg',)",100.0,100.0
"('rep1_RGB_GH1Test2_14dat_AMARE_Atrazine_Top_Angle_180_2022-02-10_09-19-28-714_Visible.jpg',)","('rep3_RGB_GH1Test2_14dat_AMARE_Control_Angle_60_2022-02-10_09-46-47-099_Visible.jpg',)",100.0,100.0
"('rep1_RGB_GH1Test2_14dat_AMARE_Atrazine_Top_Angle_180_2022-02-10_09-19-28-714_Visible.jpg',)","('rep2_RGB_GH1Test2_14dat_AMARE_Control_Angle_180_2022-02-10_09-42-46-362_Visible.jpg',)",100.0,100.0
"('rep1_RGB_GH1Test2_14dat_AMARE_Atrazine_Top_Angle_180_2022-02-10_09-19-28-714_Visible.jpg',)","('rep3_RGB_GH1Test2_14dat_AMARE_Control_Angle_240_2022-02-10_09-49-13-495_Visible.jpg',)",100.0,100.0
"('rep1_RGB_GH1Test2_14dat_AMARE_Atrazine_Top_Angle_180_2022-02-10_09-19-28-714_Visible.jpg',)","('rep3_RGB_GH1Test2_14dat_AMARE_Control_Angle_0_2022-02-10_09-43-59-975_Visible.jpg',)",100.0,100.0
"('rep1_RGB_GH1Test2_14dat_AMARE_Atrazine_Top_Angle_180_2022-02-10_09-19-28-714_Visible.jpg',)","('rep4_RGB_GH1Test2_14dat_AMARE_Control_Top_0_2022-02-10_09-48-22-432_Visible.jpg',)",100.0,100.0
"('rep1_RGB_GH1Test2_14dat_AMARE_Butafenacil_Bottom_Top_0_2022-02-10_09-38-51-378_Visible.jpg',)","('rep1_RGB_GH1Test2_14dat_AMARE_Control_Angle_120_2022-02-10_09-42-34-390_Visible.jpg',)",100.0,100.0
"('rep1_RGB_GH1Test2_14dat_AMARE_Butafenacil_Bottom_Top_0_2022-02-10_09-38-51-378_Visible.jpg',)","('rep2_RGB_GH1Test2_14dat_AMARE_Control_Angle_0_2022-02-10_09-46-35-148_Visible.jpg',)",100.0,100.0
"('rep1_RGB_GH1Test2_14dat_AMARE_Butafenacil_Bottom_Top_0_2022-02-10_09-38-51-378_Visible.jpg',)","('rep4_RGB_GH1Test2_14dat_AMARE_Control_Angle_120_2022-02-10_09-48-49-271_Visible.jpg',)",100.0,100.0
"('rep1_RGB_GH1Test2_14dat_AMARE_Butafenacil_Bottom_Top_0_2022-02-10_09-38-51-378_Visible.jpg',)","('rep3_RGB_GH1Test2_14dat_AMARE_Control_Angle_60_2022-02-10_09-48-37-220_Visible.jpg',)",100.0,100.0
"('rep1_RGB_GH1Test2_14dat_AMARE_Butafenacil_Bottom_Top_0_2022-02-10_09-38-51-378_Visible.jpg',)","('rep2_RGB_GH1Test2_14dat_AMARE_Control_Top_0_2022-02-10_09-43-57-062_Visible.jpg',)",100.0,100.0
"('rep1_RGB_GH1Test2_14dat_AMARE_Butafenacil_Bottom_Top_0_2022-02-10_09-38-51-378_Visible.jpg',)","('rep3_RGB_GH1Test2_14dat_AMARE_Control_Top_0_2022-02-10_09-43-57-062_Visible.jpg',)",100.0,100.0
"('rep1_RGB_GH1Test2_14dat_AMARE_Butafenacil_Bottom_Top_0_2022-02-10_09-38-51-378_Visible.jpg',)","('rep3_RGB_GH1Test2_14dat_AMARE_Control_Top_0_2022-02-10_09-46-32-237_Visible.jpg',)",100.0,100.0
"('rep1_RGB_GH1Test2_14dat_AMARE_Butafenacil_Bottom_Top_0_2022-02-10_09-38-51-378_Visible.jpg',)","('rep1_RGB_GH1Test2_14dat_AMARE_Control_Angle_60_2022-02-10_09-42-22-413_Visible.jpg',)",100.0,100.0
"('rep1_RGB_GH1Test2_14dat_AMARE_Butafenacil_Bottom_Top_0_2022-02-10_09-38-51-378_Visible.jpg',)","('rep1_RGB_GH1Test2_14dat_AMARE_Control_Angle_120_2022-02-10_09-48-49-271_Visible.jpg',)",100.0,100.0
"('rep1_RGB_GH1Test2_14dat_AMARE_Butafenacil_Bottom_Top_0_2022-02-10_09-38-51-378_Visible.jpg',)","('rep3_RGB_GH1Test2_14dat_AMARE_Control_Angle_300_2022-02-10_09-43-10-215_Visible.jpg',)",100.0,100.0
"('rep1_RGB_GH1Test2_14dat_AMARE_Butafenacil_Bottom_Top_0_2022-02-10_09-38-51-378_Visible.jpg',)","('rep2_RGB_GH1Test2_14dat_AMARE_Control_Angle_120_2022-02-10_09-42-34-390_Visible.jpg',)",100.0,100.0
"('rep1_RGB_GH1Test2_14dat_AMARE_Butafenacil_Bottom_Top_0_2022-02-10_09-38-51-378_Visible.jpg',)","('rep1_RGB_GH1Test2_14dat_AMARE_Control_Top_0_2022-02-10_09-42-07-470_Visible.jpg',)",100.0,100.0
"('rep1_RGB_GH1Test2_14dat_AMARE_Butafenacil_Bottom_Top_0_2022-02-10_09-38-51-378_Visible.jpg',)","('rep4_RGB_GH1Test2_14dat_AMARE_Control_Top_0_2022-02-10_09-48-22-432_Visible.jpg',)",100.0,100.0
"('rep1_RGB_GH1Test2_14dat_AMARE_Butafenacil_Bottom_Top_0_2022-02-10_09-38-51-378_Visible.jpg',)","('rep2_RGB_GH1Test2_14dat_AMARE_Control_Top_0_2022-02-10_09-42-07-470_Visible.jpg',)",100.0,100.0
"('rep1_RGB_GH1Test2_14dat_AMARE_Dicamba_Bottom_Angle_180_2022-02-10_09-30-26-979_Visible.jpg',)","('rep2_RGB_GH1Test2_14dat_AMARE_Control_Angle_0_2022-02-10_09-48-25-306_Visible.jpg',)",55.0,67.49726104736328
"('rep1_RGB_GH1Test2_14dat_AMARE_Dicamba_Bottom_Angle_180_2022-02-10_09-30-26-979_Visible.jpg',)","('rep1_RGB_GH1Test2_14dat_AMARE_Control_Top_0_2022-02-10_09-43-57-062_Visible.jpg',)",55.0,66.43455505371094
"('rep1_RGB_GH1Test2_14dat_AMARE_Dicamba_Bottom_Angle_180_2022-02-10_09-30-26-979_Visible.jpg',)","('rep2_RGB_GH1Test2_14dat_AMARE_Control_Angle_0_2022-02-10_09-46-35-148_Visible.jpg',)",55.0,66.19058990478516
"('rep1_RGB_GH1Test2_14dat_AMARE_Dicamba_Bottom_Angle_180_2022-02-10_09-30-26-979_Visible.jpg',)","('rep3_RGB_GH1Test2_14dat_AMARE_Control_Angle_300_2022-02-10_09-47-35-239_Visible.jpg',)",55.0,65.53201293945312
"('rep1_RGB_GH1Test2_14dat_AMARE_Dicamba_Bottom_Angle_180_2022-02-10_09-30-26-979_Visible.jpg',)","('rep3_RGB_GH1Test2_14dat_AMARE_Control_Angle_240_2022-02-10_09-47-23-284_Visible.jpg',)",55.0,66.19096374511719
"('rep1_RGB_GH1Test2_14dat_AMARE_Dicamba_Bottom_Angle_180_2022-02-10_09-30-26-979_Visible.jpg',)","('rep1_RGB_GH1Test2_14dat_AMARE_Control_Top_0_2022-02-10_09-46-32-237_Visible.jpg',)",55.0,64.97065734863281
"('rep1_RGB_GH1Test2_14dat_AMARE_Dicamba_Bottom_Angle_180_2022-02-10_09-30-26-979_Visible.jpg',)","('rep4_RGB_GH1Test2_14dat_AMARE_Control_Top_0_2022-02-10_09-48-22-432_Visible.jpg',)",55.0,59.84702682495117
"('rep1_RGB_GH1Test2_14dat_AMARE_Dicamba_Bottom_Angle_180_2022-02-10_09-30-26-979_Visible.jpg',)","('rep2_RGB_GH1Test2_14dat_AMARE_Control_Top_0_2022-02-10_09-46-32-237_Visible.jpg',)",65.0,67.4862289428711
"('rep1_RGB_GH1Test2_14dat_AMARE_Dicamba_Bottom_Angle_180_2022-02-10_09-30-26-979_Visible.jpg',)","('rep2_RGB_GH1Test2_14dat_AMARE_Control_Angle_120_2022-02-10_09-44-23-954_Visible.jpg',)",65.0,71.8875961303711
"('rep1_RGB_GH1Test2_14dat_AMARE_Dicamba_Bottom_Angle_180_2022-02-10_09-30-26-979_Visible.jpg',)","('rep3_RGB_GH1Test2_14dat_AMARE_Control_Angle_0_2022-02-10_09-46-35-148_Visible.jpg',)",65.0,67.60525512695312
"('rep1_RGB_GH1Test2_14dat_AMARE_Dicamba_Bottom_Angle_180_2022-02-10_09-30-26-979_Visible.jpg',)","('rep3_RGB_GH1Test2_14dat_AMARE_Control_Angle_240_2022-02-10_09-47-23-284_Visible.jpg',)",65.0,64.07959747314453
"('rep1_RGB_GH1Test2_14dat_AMARE_Dicamba_Bottom_Angle_180_2022-02-10_09-30-26-979_Visible.jpg',)","('rep3_RGB_GH1Test2_14dat_AMARE_Control_Angle_60_2022-02-10_09-44-11-905_Visible.jpg',)",65.0,65.92498779296875
"('rep1_RGB_GH1Test2_14dat_AMARE_Dicamba_Bottom_Angle_180_2022-02-10_09-30-26-979_Visible.jpg',)","('rep3_RGB_GH1Test2_14dat_AMARE_Control_Angle_300_2022-02-10_09-44-59-738_Visible.jpg',)",60.0,66.33573913574219
"('rep1_RGB_GH1Test2_14dat_AMARE_Dicamba_Bottom_Angle_180_2022-02-10_09-30-26-979_Visible.jpg',)","('rep4_RGB_GH1Test2_14dat_AMARE_Control_Top_0_2022-02-10_09-46-32-237_Visible.jpg',)",60.0,65.88108825683594
"('rep1_RGB_GH1Test2_14dat_AMARE_Dicamba_Bottom_Angle_180_2022-02-10_09-30-26-979_Visible.jpg',)","('rep1_RGB_GH1Test2_14dat_AMARE_Control_Top_0_2022-02-10_09-46-32-237_Visible.jpg',)",60.0,63.54296875
"('rep1_RGB_GH1Test2_14dat_AMARE_Dicamba_Bottom_Angle_180_2022-02-10_09-30-26-979_Visible.jpg',)","('rep2_RGB_GH1Test2_14dat_AMARE_Control_Top_0_2022-02-10_09-46-32-237_Visible.jpg',)",60.0,65.9849853515625
"('rep1_RGB_GH1Test2_14dat_AMARE_Dicamba_Bottom_Angle_180_2022-02-10_09-30-26-979_Visible.jpg',)","('rep1_RGB_GH1Test2_14dat_AMARE_Control_Angle_240_2022-02-10_09-49-13-495_Visible.jpg',)",60.0,61.896854400634766
"('rep1_RGB_GH1Test2_14dat_AMARE_Dicamba_Bottom_Angle_180_2022-02-10_09-30-26-979_Visible.jpg',)","('rep3_RGB_GH1Test2_14dat_AMARE_Control_Angle_240_2022-02-10_09-49-13-495_Visible.jpg',)",60.0,67.4587631225586
"('rep1_RGB_GH1Test2_14dat_AMARE_Dicamba_Bottom_Angle_180_2022-02-10_09-30-26-979_Visible.jpg',)","('rep3_RGB_GH1Test2_14dat_AMARE_Control_Angle_0_2022-02-10_09-46-35-148_Visible.jpg',)",60.0,67.77517700195312
"('rep1_RGB_GH1Test2_14dat_AMARE_Dicamba_Bottom_Angle_180_2022-02-10_09-30-26-979_Visible.jpg',)","('rep2_RGB_GH1Test2_14dat_AMARE_Control_Top_0_2022-02-10_09-43-57-062_Visible.jpg',)",65.0,66.52645874023438
"('rep1_RGB_GH1Test2_14dat_AMARE_Dicamba_Bottom_Angle_180_2022-02-10_09-30-26-979_Visible.jpg',)","('rep4_RGB_GH1Test2_14dat_AMARE_Control_Top_0_2022-02-10_09-42-07-470_Visible.jpg',)",65.0,66.40113067626953
"('rep1_RGB_GH1Test2_14dat_AMARE_Mesotrione_Bottom_Angle_180_2022-02-10_09-17-14-631_Visible.jpg',)","('rep2_RGB_GH1Test2_14dat_AMARE_Control_Angle_120_2022-02-10_09-42-34-390_Visible.jpg',)",30.0,43.1478157043457
"('rep1_RGB_GH1Test2_14dat_AMARE_Mesotrione_Bottom_Angle_180_2022-02-10_09-17-14-631_Visible.jpg',)","('rep3_RGB_GH1Test2_14dat_AMARE_Control_Top_0_2022-02-10_09-48-22-432_Visible.jpg',)",30.0,52.75087356567383
"('rep1_RGB_GH1Test2_14dat_AMARE_Mesotrione_Bottom_Angle_180_2022-02-10_09-17-14-631_Visible.jpg',)","('rep3_RGB_GH1Test2_14dat_AMARE_Control_Angle_240_2022-02-10_09-49-13-495_Visible.jpg',)",30.0,49.82514190673828
"('rep1_RGB_GH1Test2_14dat_AMARE_Mesotrione_Bottom_Angle_180_2022-02-10_09-17-14-631_Visible.jpg',)","('rep3_RGB_GH1Test2_14dat_AMARE_Control_Angle_0_2022-02-10_09-48-25-306_Visible.jpg',)",30.0,52.175193786621094
"('rep1_RGB_GH1Test2_14dat_AMARE_Mesotrione_Bottom_Angle_180_2022-02-10_09-17-14-631_Visible.jpg',)","('rep1_RGB_GH1Test2_14dat_AMARE_Control_Angle_60_2022-02-10_09-48-37-220_Visible.jpg',)",30.0,51.760005950927734
"('rep1_RGB_GH1Test2_14dat_AMARE_Mesotrione_Bottom_Angle_180_2022-02-10_09-17-14-631_Visible.jpg',)","('rep1_RGB_GH1Test2_14dat_AMARE_Control_Angle_120_2022-02-10_09-44-23-954_Visible.jpg',)",30.0,49.13615036010742
"('rep1_RGB_GH1Test2_14dat_AMARE_Mesotrione_Bottom_Angle_180_2022-02-10_09-17-14-631_Visible.jpg',)","('rep1_RGB_GH1Test2_14dat_AMARE_Control_Top_0_2022-02-10_09-43-57-062_Visible.jpg',)",30.0,51.126014709472656
"('rep1_RGB_GH1Test2_14dat_AMARE_Mesotrione_Bottom_Angle_180_2022-02-10_09-17-14-631_Visible.jpg',)","('rep3_RGB_GH1Test2_14dat_AMARE_Control_Top_0_2022-02-10_09-46-32-237_Visible.jpg',)",30.0,46.49603271484375
"('rep1_RGB_GH1Test2_14dat_AMARE_Mesotrione_Bottom_Angle_180_2022-02-10_09-17-14-631_Visible.jpg',)","('rep4_RGB_GH1Test2_14dat_AMARE_Control_Top_0_2022-02-10_09-43-57-062_Visible.jpg',)",30.0,46.696407318115234
"('rep1_RGB_GH1Test2_14dat_AMARE_Mesotrione_Bottom_Angle_180_2022-02-10_09-17-14-631_Visible.jpg',)","('rep3_RGB_GH1Test2_14dat_AMARE_Control_Top_0_2022-02-10_09-46-32-237_Visible.jpg',)",30.0,49.46315002441406
"('rep1_RGB_GH1Test2_14dat_AMARE_Mesotrione_Bottom_Angle_180_2022-02-10_09-17-14-631_Visible.jpg',)","('rep3_RGB_GH1Test2_14dat_AMARE_Control_Top_0_2022-02-10_09-42-07-470_Visible.jpg',)",30.0,51.712650299072266
"('rep1_RGB_GH1Test2_14dat_AMARE_Mesotrione_Bottom_Angle_180_2022-02-10_09-17-14-631_Visible.jpg',)","('rep3_RGB_GH1Test2_14dat_AMARE_Control_Angle_0_2022-02-10_09-46-35-148_Visible.jpg',)",30.0,48.724849700927734
"('rep1_RGB_GH1Test2_14dat_AMARE_Mesotrione_Bottom_Angle_180_2022-02-10_09-17-14-631_Visible.jpg',)","('rep1_RGB_GH1Test2_14dat_AMARE_Control_Angle_0_2022-02-10_09-42-10-411_Visible.jpg',)",30.0,39.72840118408203
"('rep1_RGB_GH1Test2_14dat_AMARE_Mesotrione_Bottom_Angle_180_2022-02-10_09-17-14-631_Visible.jpg',)","('rep2_RGB_GH1Test2_14dat_AMARE_Control_Angle_180_2022-02-10_09-49-01-347_Visible.jpg',)",30.0,51.85332489013672
"('rep1_RGB_GH1Test2_14dat_AMARE_Mesotrione_Bottom_Angle_180_2022-02-10_09-17-14-631_Visible.jpg',)","('rep2_RGB_GH1Test2_14dat_AMARE_Control_Top_0_2022-02-10_09-43-57-062_Visible.jpg',)",40.0,51.118106842041016
"('rep1_RGB_GH1Test2_14dat_AMARE_Mesotrione_Bottom_Angle_180_2022-02-10_09-17-14-631_Visible.jpg',)","('rep1_RGB_GH1Test2_14dat_AMARE_Control_Top_0_2022-02-10_09-46-32-237_Visible.jpg',)",40.0,42.812232971191406
"('rep1_RGB_GH1Test2_14dat_AMARE_Mesotrione_Bottom_Angle_180_2022-02-10_09-17-14-631_Visible.jpg',)","('rep2_RGB_GH1Test2_14dat_AMARE_Control_Top_0_2022-02-10_09-46-32-237_Visible.jpg',)",40.0,49.483577728271484
"('rep1_RGB_GH1Test2_14dat_AMARE_Mesotrione_Bottom_Angle_180_2022-02-10_09-17-14-631_Visible.jpg',)","('rep1_RGB_GH1Test2_14dat_AMARE_Control_Angle_180_2022-02-10_09-44-35-841_Visible.jpg',)",40.0,51.9296760559082
"('rep1_RGB_GH1Test2_14dat_AMARE_Mesotrione_Bottom_Angle_180_2022-02-10_09-17-14-631_Visible.jpg',)","('rep3_RGB_GH1Test2_14dat_AMARE_Control_Angle_180_2022-02-10_09-49-01-347_Visible.jpg',)",40.0,41.03034591674805
"('rep1_RGB_GH1Test2_14dat_AMARE_Mesotrione_Bottom_Angle_180_2022-02-10_09-17-14-631_Visible.jpg',)","('rep2_RGB_GH1Test2_14dat_AMARE_Control_Angle_180_2022-02-10_09-42-46-362_Visible.jpg',)",40.0,48.4468994140625
"('rep1_RGB_GH1Test2_14dat_AMARE_Mesotrione_Bottom_Angle_180_2022-02-10_09-17-14-631_Visible.jpg',)","('rep1_RGB_GH1Test2_14dat_AMARE_Control_Angle_240_2022-02-10_09-42-58-244_Visible.jpg',)",40.0,41.16786575317383
"('rep1_RGB_GH1Test2_14dat_AMARE_Mesotrione_Top_Angle_180_2022-02-10_09-14-47-581_Visible.jpg',)","('rep4_RGB_GH1Test2_14dat_AMARE_Control_Angle_120_2022-02-10_09-46-59-176_Visible.jpg',)",100.0,100.0
"('rep1_RGB_GH1Test2_14dat_AMARE_Mesotrione_Top_Angle_180_2022-02-10_09-14-47-581_Visible.jpg',)","('rep2_RGB_GH1Test2_14dat_AMARE_Control_Angle_0_2022-02-10_09-42-10-411_Visible.jpg',)",100.0,100.0
"('rep1_RGB_GH1Test2_14dat_AMARE_Mesotrione_Top_Angle_180_2022-02-10_09-14-47-581_Visible.jpg',)","('rep4_RGB_GH1Test2_14dat_AMARE_Control_Angle_180_2022-02-10_09-44-35-841_Visible.jpg',)",100.0,100.0
"('rep1_RGB_GH1Test2_14dat_AMARE_Mesotrione_Top_Angle_180_2022-02-10_09-14-47-581_Visible.jpg',)","('rep4_RGB_GH1Test2_14dat_AMARE_Control_Angle_120_2022-02-10_09-42-34-390_Visible.jpg',)",100.0,100.0
"('rep1_RGB_GH1Test2_14dat_AMARE_Mesotrione_Top_Angle_180_2022-02-10_09-14-47-581_Visible.jpg',)","('rep1_RGB_GH1Test2_14dat_AMARE_Control_Top_0_2022-02-10_09-46-32-237_Visible.jpg',)",100.0,100.0
"('rep1_RGB_GH1Test2_14dat_AMARE_Mesotrione_Top_Angle_180_2022-02-10_09-14-47-581_Visible.jpg',)","('rep2_RGB_GH1Test2_14dat_AMARE_Control_Top_0_2022-02-10_09-46-32-237_Visible.jpg',)",100.0,100.0
"('rep1_RGB_GH1Test2_14dat_AMARE_Mesotrione_Top_Angle_180_2022-02-10_09-14-47-581_Visible.jpg',)","('rep2_RGB_GH1Test2_14dat_AMARE_Control_Top_0_2022-02-10_09-48-22-432_Visible.jpg',)",100.0,100.0
"('rep1_RGB_GH1Test2_14dat_AMARE_Mesotrione_Top_Angle_180_2022-02-10_09-14-47-581_Visible.jpg',)","('rep4_RGB_GH1Test2_14dat_AMARE_Control_Angle_0_2022-02-10_09-42-10-411_Visible.jpg',)",100.0,100.0
"('rep1_RGB_GH1Test2_14dat_AMARE_Mesotrione_Top_Angle_180_2022-02-10_09-14-47-581_Visible.jpg',)","('rep2_RGB_GH1Test2_14dat_AMARE_Control_Angle_120_2022-02-10_09-44-23-954_Visible.jpg',)",100.0,100.0
"('rep1_RGB_GH1Test2_14dat_AMARE_Mesotrione_Top_Angle_180_2022-02-10_09-14-47-581_Visible.jpg',)","('rep2_RGB_GH1Test2_14dat_AMARE_Control_Angle_240_2022-02-10_09-47-23-284_Visible.jpg',)",100.0,100.0
"('rep1_RGB_GH1Test2_14dat_AMARE_Mesotrione_Top_Angle_180_2022-02-10_09-14-47-581_Visible.jpg',)","('rep3_RGB_GH1Test2_14dat_AMARE_Control_Angle_240_2022-02-10_09-49-13-495_Visible.jpg',)",100.0,100.0
"('rep1_RGB_GH1Test2_14dat_AMARE_Mesotrione_Top_Angle_180_2022-02-10_09-14-47-581_Visible.jpg',)","('rep3_RGB_GH1Test2_14dat_AMARE_Control_Top_0_2022-02-10_09-48-22-432_Visible.jpg',)",100.0,100.0
"('rep1_RGB_GH1Test2_14dat_AMARE_Mesotrione_Top_Angle_180_2022-02-10_09-14-47-581_Visible.jpg',)","('rep1_RGB_GH1Test2_14dat_AMARE_Control_Top_0_2022-02-10_09-46-32-237_Visible.jpg',)",100.0,100.0
"('rep1_RGB_GH1Test2_14dat_AMARE_Mesotrione_Top_Angle_180_2022-02-10_09-14-47-581_Visible.jpg',)","('rep4_RGB_GH1Test2_14dat_AMARE_Control_Top_0_2022-02-10_09-46-32-237_Visible.jpg',)",100.0,100.0
"('rep1_RGB_GH1Test2_14dat_AMARE_PAGAN_Bottom_Angle_180_2022-02-10_09-26-06-734_Visible.jpg',)","('rep1_RGB_GH1Test2_14dat_AMARE_Control_Angle_120_2022-02-10_09-48-49-271_Visible.jpg',)",30.0,38.21330261230469
"('rep1_RGB_GH1Test2_14dat_AMARE_PAGAN_Bottom_Angle_180_2022-02-10_09-26-06-734_Visible.jpg',)","('rep3_RGB_GH1Test2_14dat_AMARE_Control_Top_0_2022-02-10_09-43-57-062_Visible.jpg',)",30.0,42.64774703979492
"('rep1_RGB_GH1Test2_14dat_AMARE_PAGAN_Bottom_Angle_180_2022-02-10_09-26-06-734_Visible.jpg',)","('rep3_RGB_GH1Test2_14dat_AMARE_Control_Angle_240_2022-02-10_09-42-58-244_Visible.jpg',)",30.0,48.241268157958984
"('rep1_RGB_GH1Test2_14dat_AMARE_PAGAN_Bottom_Angle_180_2022-02-10_09-26-06-734_Visible.jpg',)","('rep2_RGB_GH1Test2_14dat_AMARE_Control_Angle_240_2022-02-10_09-42-58-244_Visible.jpg',)",30.0,44.6151008605957
"('rep1_RGB_GH1Test2_14dat_AMARE_PAGAN_Bottom_Angle_180_2022-02-10_09-26-06-734_Visible.jpg',)","('rep2_RGB_GH1Test2_14dat_AMARE_Control_Angle_300_2022-02-10_09-44-59-738_Visible.jpg',)",30.0,46.06329345703125
"('rep1_RGB_GH1Test2_14dat_AMARE_PAGAN_Bottom_Angle_180_2022-02-10_09-26-06-734_Visible.jpg',)","('rep2_RGB_GH1Test2_14dat_AMARE_Control_Angle_240_2022-02-10_09-44-47-763_Visible.jpg',)",30.0,52.74918746948242
"('rep1_RGB_GH1Test2_14dat_AMARE_PAGAN_Bottom_Angle_180_2022-02-10_09-26-06-734_Visible.jpg',)","('rep1_RGB_GH1Test2_14dat_AMARE_Control_Top_0_2022-02-10_09-43-57-062_Visible.jpg',)",30.0,52.178131103515625
"('rep1_RGB_GH1Test2_14dat_AMARE_PAGAN_Bottom_Angle_180_2022-02-10_09-26-06-734_Visible.jpg',)","('rep2_RGB_GH1Test2_14dat_AMARE_Control_Top_0_2022-02-10_09-48-22-432_Visible.jpg',)",30.0,52.049129486083984
"('rep1_RGB_GH1Test2_14dat_AMARE_PAGAN_Bottom_Angle_180_2022-02-10_09-26-06-734_Visible.jpg',)","('rep2_RGB_GH1Test2_14dat_AMARE_Control_Top_0_2022-02-10_09-42-07-470_Visible.jpg',)",30.0,52.94355773925781
"('rep1_RGB_GH1Test2_14dat_AMARE_PAGAN_Bottom_Angle_180_2022-02-10_09-26-06-734_Visible.jpg',)","('rep1_RGB_GH1Test2_14dat_AMARE_Control_Top_0_2022-02-10_09-42-07-470_Visible.jpg',)",30.0,42.044578552246094
"('rep1_RGB_GH1Test2_14dat_AMARE_PAGAN_Bottom_Angle_180_2022-02-10_09-26-06-734_Visible.jpg',)","('rep1_RGB_GH1Test2_14dat_AMARE_Control_Top_0_2022-02-10_09-48-22-432_Visible.jpg',)",30.0,38.387271881103516
"('rep1_RGB_GH1Test2_14dat_AMARE_PAGAN_Bottom_Angle_180_2022-02-10_09-26-06-734_Visible.jpg',)","('rep4_RGB_GH1Test2_14dat_AMARE_Control_Angle_180_2022-02-10_09-42-46-362_Visible.jpg',)",30.0,40.12053298950195
"('rep1_RGB_GH1Test2_14dat_AMARE_PAGAN_Bottom_Angle_180_2022-02-10_09-26-06-734_Visible.jpg',)","('rep3_RGB_GH1Test2_14dat_AMARE_Control_Angle_0_2022-02-10_09-43-59-975_Visible.jpg',)",30.0,52.04060745239258
"('rep1_RGB_GH1Test2_14dat_AMARE_PAGAN_Bottom_Angle_180_2022-02-10_09-26-06-734_Visible.jpg',)","('rep1_RGB_GH1Test2_14dat_AMARE_Control_Angle_60_2022-02-10_09-46-47-099_Visible.jpg',)",30.0,45.62790298461914
"('rep1_RGB_GH1Test2_14dat_AMARE_PAGAN_Bottom_Angle_180_2022-02-10_09-26-06-734_Visible.jpg',)","('rep2_RGB_GH1Test2_14dat_AMARE_Control_Angle_120_2022-02-10_09-48-49-271_Visible.jpg',)",35.0,45.2458381652832
"('rep1_RGB_GH1Test2_14dat_AMARE_PAGAN_Bottom_Angle_180_2022-02-10_09-26-06-734_Visible.jpg',)","('rep2_RGB_GH1Test2_14dat_AMARE_Control_Angle_300_2022-02-10_09-43-10-215_Visible.jpg',)",35.0,44.106998443603516
"('rep1_RGB_GH1Test2_14dat_AMARE_PAGAN_Bottom_Angle_180_2022-02-10_09-26-06-734_Visible.jpg',)","('rep2_RGB_GH1Test2_14dat_AMARE_Control_Top_0_2022-02-10_09-43-57-062_Visible.jpg',)",35.0,38.145572662353516
"('rep1_RGB_GH1Test2_14dat_AMARE_PAGAN_Bottom_Angle_180_2022-02-10_09-26-06-734_Visible.jpg',)","('rep3_RGB_GH1Test2_14dat_AMARE_Control_Top_0_2022-02-10_09-43-57-062_Visible.jpg',)",35.0,50.46031951904297
"('rep1_RGB_GH1Test2_14dat_AMARE_PAGAN_Bottom_Angle_180_2022-02-10_09-26-06-734_Visible.jpg',)","('rep1_RGB_GH1Test2_14dat_AMARE_Control_Top_0_2022-02-10_09-42-07-470_Visible.jpg',)",35.0,49.68268966674805
"('rep1_RGB_GH1Test2_14dat_AMARE_PAGAN_Bottom_Angle_180_2022-02-10_09-26-06-734_Visible.jpg',)","('rep2_RGB_GH1Test2_14dat_AMARE_Control_Angle_180_2022-02-10_09-42-46-362_Visible.jpg',)",35.0,50.22658157348633
"('rep1_RGB_GH1Test2_14dat_AMARE_PAGAN_Bottom_Angle_180_2022-02-10_09-26-06-734_Visible.jpg',)","('rep2_RGB_GH1Test2_14dat_AMARE_Control_Angle_60_2022-02-10_09-46-47-099_Visible.jpg',)",35.0,43.8980712890625
"('rep1_RGB_GH1Test2_14dat_AMARE_PAGAN_Top_Angle_300_2022-02-10_09-24-18-684_Visible.jpg',)","('rep1_RGB_GH1Test2_14dat_AMARE_Control_Angle_60_2022-02-10_09-44-11-905_Visible.jpg',)",100.0,100.0
"('rep1_RGB_GH1Test2_14dat_AMARE_PAGAN_Top_Angle_300_2022-02-10_09-24-18-684_Visible.jpg',)","('rep2_RGB_GH1Test2_14dat_AMARE_Control_Top_0_2022-02-10_09-42-07-470_Visible.jpg',)",100.0,100.0
"('rep1_RGB_GH1Test2_14dat_AMARE_PAGAN_Top_Angle_300_2022-02-10_09-24-18-684_Visible.jpg',)","('rep1_RGB_GH1Test2_14dat_AMARE_Control_Angle_180_2022-02-10_09-47-11-266_Visible.jpg',)",100.0,100.0
"('rep1_RGB_GH1Test2_14dat_AMARE_PAGAN_Top_Angle_300_2022-02-10_09-24-18-684_Visible.jpg',)","('rep4_RGB_GH1Test2_14dat_AMARE_Control_Angle_300_2022-02-10_09-43-10-215_Visible.jpg',)",100.0,100.0
"('rep1_RGB_GH1Test2_14dat_AMARE_PAGAN_Top_Angle_300_2022-02-10_09-24-18-684_Visible.jpg',)","('rep1_RGB_GH1Test2_14dat_AMARE_Control_Angle_240_2022-02-10_09-42-58-244_Visible.jpg',)",100.0,100.0
"('rep1_RGB_GH1Test2_14dat_AMARE_PAGAN_Top_Angle_300_2022-02-10_09-24-18-684_Visible.jpg',)","('rep4_RGB_GH1Test2_14dat_AMARE_Control_Angle_180_2022-02-10_09-42-46-362_Visible.jpg',)",100.0,100.0
"('rep1_RGB_GH1Test2_14dat_AMARE_PAGAN_Top_Angle_300_2022-02-10_09-24-18-684_Visible.jpg',)","('rep4_RGB_GH1Test2_14dat_AMARE_Control_Top_0_2022-02-10_09-48-22-432_Visible.jpg',)",100.0,100.0
"('rep1_RGB_GH1Test2_14dat_AMARE_PAGAN_Top_Angle_300_2022-02-10_09-24-18-684_Visible.jpg',)","('rep2_RGB_GH1Test2_14dat_AMARE_Control_Top_0_2022-02-10_09-42-07-470_Visible.jpg',)",100.0,100.0
"('rep1_RGB_GH1Test2_14dat_AMARE_PAGAN_Top_Angle_300_2022-02-10_09-24-18-684_Visible.jpg',)","('rep2_RGB_GH1Test2_14dat_AMARE_Control_Top_0_2022-02-10_09-48-22-432_Visible.jpg',)",100.0,100.0
"('rep1_RGB_GH1Test2_14dat_AMARE_PAGAN_Top_Angle_300_2022-02-10_09-24-18-684_Visible.jpg',)","('rep1_RGB_GH1Test2_14dat_AMARE_Control_Top_0_2022-02-10_09-48-22-432_Visible.jpg',)",100.0,100.0
"('rep1_RGB_GH1Test2_14dat_AMARE_PAGAN_Top_Angle_300_2022-02-10_09-24-18-684_Visible.jpg',)","('rep2_RGB_GH1Test2_14dat_AMARE_Control_Angle_240_2022-02-10_09-47-23-284_Visible.jpg',)",100.0,100.0
"('rep1_RGB_GH1Test2_14dat_AMARE_PAGAN_Top_Angle_300_2022-02-10_09-24-18-684_Visible.jpg',)","('rep4_RGB_GH1Test2_14dat_AMARE_Control_Angle_180_2022-02-10_09-42-46-362_Visible.jpg',)",100.0,100.0
"('rep1_RGB_GH1Test2_14dat_AMARE_PAGAN_Top_Angle_300_2022-02-10_09-24-18-684_Visible.jpg',)","('rep2_RGB_GH1Test2_14dat_AMARE_Control_Angle_0_2022-02-10_09-46-35-148_Visible.jpg',)",100.0,100.0
"('rep1_RGB_GH1Test2_14dat_AMARE_PAGAN_Top_Angle_300_2022-02-10_09-24-18-684_Visible.jpg',)","('rep1_RGB_GH1Test2_14dat_AMARE_Control_Top_0_2022-02-10_09-48-22-432_Visible.jpg',)",100.0,100.0
"('rep1_RGB_GH1Test2_14dat_AMARE_PAGAN_Top_Angle_300_2022-02-10_09-24-18-684_Visible.jpg',)","('rep2_RGB_GH1Test2_14dat_AMARE_Control_Top_0_2022-02-10_09-48-22-432_Visible.jpg',)",100.0,100.0
"('rep1_RGB_GH1Test2_14dat_AMARE_PAGAN_Top_Angle_300_2022-02-10_09-24-18-684_Visible.jpg',)","('rep4_RGB_GH1Test2_14dat_AMARE_Control_Top_0_2022-02-10_09-48-22-432_Visible.jpg',)",100.0,100.0
"('rep1_RGB_GH1Test2_14dat_AMARE_PAGAN_Top_Angle_300_2022-02-10_09-24-18-684_Visible.jpg',)","('rep4_RGB_GH1Test2_14dat_AMARE_Control_Angle_0_2022-02-10_09-43-59-975_Visible.jpg',)",100.0,100.0
"('rep1_RGB_GH1Test2_14dat_AMARE_PAGAN_Top_Angle_300_2022-02-10_09-24-18-684_Visible.jpg',)","('rep2_RGB_GH1Test2_14dat_AMARE_Control_Angle_0_2022-02-10_09-48-25-306_Visible.jpg',)",100.0,100.0
"('rep1_RGB_GH1Test2_14dat_AMARE_PAGAN_Top_Angle_300_2022-02-10_09-24-18-684_Visible.jpg',)","('rep2_RGB_GH1Test2_14dat_AMARE_Control_Angle_120_2022-02-10_09-44-23-954_Visible.jpg',)",100.0,100.0
"('rep1_RGB_GH1Test2_14dat_AMARE_PAGAN_Top_Angle_300_2022-02-10_09-24-18-684_Visible.jpg',)","('rep2_RGB_GH1Test2_14dat_AMARE_Control_Angle_180_2022-02-10_09-49-01-347_Visible.jpg',)",100.0,100.0
"('rep1_RGB_GH1Test2_14dat_AMARE_PAGAN_Top_Angle_300_2022-02-10_09-24-18-684_Visible.jpg',)","('rep3_RGB_GH1Test2_14dat_AMARE_Control_Top_0_2022-02-10_09-48-22-432_Visible.jpg',)",100.0,100.0
"('rep1_RGB_GH1Test2_14dat_AMARE_Pinoxaden_Bottom_Angle_180_2022-02-10_09-34-42-807_Visible.jpg',)","('rep2_RGB_GH1Test2_14dat_AMARE_Control_Top_0_2022-02-10_09-46-32-237_Visible.jpg',)",0.0,97.43307495117188
"('rep1_RGB_GH1Test2_14dat_AMARE_Pinoxaden_Bottom_Angle_180_2022-02-10_09-34-42-807_Visible.jpg',)","('rep3_RGB_GH1Test2_14dat_AMARE_Control_Top_0_2022-02-10_09-42-07-470_Visible.jpg',)",0.0,99.08158874511719
"('rep1_RGB_GH1Test2_14dat_AMARE_Pinoxaden_Bottom_Angle_180_2022-02-10_09-34-42-807_Visible.jpg',)","('rep3_RGB_GH1Test2_14dat_AMARE_Control_Angle_240_2022-02-10_09-47-23-284_Visible.jpg',)",0.0,97.15100860595703
"('rep1_RGB_GH1Test2_14dat_AMARE_Pinoxaden_Bottom_Angle_180_2022-02-10_09-34-42-807_Visible.jpg',)","('rep1_RGB_GH1Test2_14dat_AMARE_Control_Angle_120_2022-02-10_09-48-49-271_Visible.jpg',)",0.0,96.6263427734375
"('rep1_RGB_GH1Test2_14dat_AMARE_Pinoxaden_Bottom_Angle_180_2022-02-10_09-34-42-807_Visible.jpg',)","('rep3_RGB_GH1Test2_14dat_AMARE_Control_Angle_60_2022-02-10_09-42-22-413_Visible.jpg',)",0.0,99.25433349609375
"('rep1_RGB_GH1Test2_14dat_AMARE_Pinoxaden_Bottom_Angle_180_2022-02-10_09-34-42-807_Visible.jpg',)","('rep3_RGB_GH1Test2_14dat_AMARE_Control_Angle_60_2022-02-10_09-44-11-905_Visible.jpg',)",0.0,99.10675048828125
"('rep1_RGB_GH1Test2_14dat_AMARE_Pinoxaden_Bottom_Angle_180_2022-02-10_09-34-42-807_Visible.jpg',)","('rep4_RGB_GH1Test2_14dat_AMARE_Control_Top_0_2022-02-10_09-43-57-062_Visible.jpg',)",0.0,97.46481323242188
"('rep1_RGB_GH1Test2_14dat_AMARE_Pinoxaden_Bottom_Angle_180_2022-02-10_09-34-42-807_Visible.jpg',)","('rep3_RGB_GH1Test2_14dat_AMARE_Control_Top_0_2022-02-10_09-48-22-432_Visible.jpg',)",15.0,98.73551940917969
"('rep1_RGB_GH1Test2_14dat_AMARE_Pinoxaden_Bottom_Angle_180_2022-02-10_09-34-42-807_Visible.jpg',)","('rep2_RGB_GH1Test2_14dat_AMARE_Control_Top_0_2022-02-10_09-48-22-432_Visible.jpg',)",15.0,89.93141174316406
"('rep1_RGB_GH1Test2_14dat_AMARE_Pinoxaden_Bottom_Angle_180_2022-02-10_09-34-42-807_Visible.jpg',)","('rep4_RGB_GH1Test2_14dat_AMARE_Control_Top_0_2022-02-10_09-42-07-470_Visible.jpg',)",15.0,77.06832122802734
"('rep1_RGB_GH1Test2_14dat_AMARE_Pinoxaden_Bottom_Angle_180_2022-02-10_09-34-42-807_Visible.jpg',)","('rep1_RGB_GH1Test2_14dat_AMARE_Control_Angle_60_2022-02-10_09-44-11-905_Visible.jpg',)",15.0,92.67781066894531
"('rep1_RGB_GH1Test2_14dat_AMARE_Pinoxaden_Bottom_Angle_180_2022-02-10_09-34-42-807_Visible.jpg',)","('rep1_RGB_GH1Test2_14dat_AMARE_Control_Angle_240_2022-02-10_09-49-13-495_Visible.jpg',)",15.0,98.13733673095703
"('rep1_RGB_GH1Test2_14dat_AMARE_Pinoxaden_Bottom_Angle_180_2022-02-10_09-34-42-807_Visible.jpg',)","('rep2_RGB_GH1Test2_14dat_AMARE_Control_Angle_180_2022-02-10_09-42-46-362_Visible.jpg',)",15.0,99.59420776367188
"('rep1_RGB_GH1Test2_14dat_AMARE_Pinoxaden_Bottom_Angle_180_2022-02-10_09-34-42-807_Visible.jpg',)","('rep1_RGB_GH1Test2_14dat_AMARE_Control_Angle_0_2022-02-10_09-48-25-306_Visible.jpg',)",15.0,92.28775787353516
"('rep1_RGB_GH1Test2_14dat_AMARE_Pinoxaden_Bottom_Angle_180_2022-02-10_09-34-42-807_Visible.jpg',)","('rep1_RGB_GH1Test2_14dat_AMARE_Control_Top_0_2022-02-10_09-43-57-062_Visible.jpg',)",25.0,97.15267181396484
"('rep1_RGB_GH1Test2_14dat_AMARE_Pinoxaden_Bottom_Angle_180_2022-02-10_09-34-42-807_Visible.jpg',)","('rep2_RGB_GH1Test2_14dat_AMARE_Control_Top_0_2022-02-10_09-43-57-062_Visible.jpg',)",25.0,92.60272979736328
"('rep1_RGB_GH1Test2_14dat_AMARE_Pinoxaden_Bottom_Angle_180_2022-02-10_09-34-42-807_Visible.jpg',)","('rep3_RGB_GH1Test2_14dat_AMARE_Control_Top_0_2022-02-10_09-48-22-432_Visible.jpg',)",25.0,95.28960418701172
"('rep1_RGB_GH1Test2_14dat_AMARE_Pinoxaden_Bottom_Angle_180_2022-02-10_09-34-42-807_Visible.jpg',)","('rep4_RGB_GH1Test2_14dat_AMARE_Control_Angle_300_2022-02-10_09-44-59-738_Visible.jpg',)",25.0,96.06227111816406
"('rep1_RGB_GH1Test2_14dat_AMARE_Pinoxaden_Bottom_Angle_180_2022-02-10_09-34-42-807_Visible.jpg',)","('rep3_RGB_GH1Test2_14dat_AMARE_Control_Angle_180_2022-02-10_09-44-35-841_Visible.jpg',)",25.0,96.75082397460938
"('rep1_RGB_GH1Test2_14dat_AMARE_Pinoxaden_Bottom_Angle_180_2022-02-10_09-34-42-807_Visible.jpg',)","('rep3_RGB_GH1Test2_14dat_AMARE_Control_Angle_300_2022-02-10_09-43-10-215_Visible.jpg',)",25.0,92.6319351196289
"('rep1_RGB_GH1Test2_14dat_AMARE_Pinoxaden_Bottom_Angle_180_2022-02-10_09-34-42-807_Visible.jpg',)","('rep4_RGB_GH1Test2_14dat_AMARE_Control_Angle_180_2022-02-10_09-42-46-362_Visible.jpg',)",25.0,99.8077392578125
"('rep1_RGB_GH1Test2_14dat_AMARE_Pinoxaden_Top_Angle_240_2022-02-10_09-32-50-002_Visible.jpg',)","('rep1_RGB_GH1Test2_14dat_AMARE_Control_Angle_120_2022-02-10_09-42-34-390_Visible.jpg',)",0.0,15.419011116027832
"('rep1_RGB_GH1Test2_14dat_AMARE_Pinoxaden_Top_Angle_240_2022-02-10_09-32-50-002_Visible.jpg',)","('rep3_RGB_GH1Test2_14dat_AMARE_Control_Top_0_2022-02-10_09-42-07-470_Visible.jpg',)",0.0,18.798593521118164
"('rep1_RGB_GH1Test2_14dat_AMARE_Pinoxaden_Top_Angle_240_2022-02-10_09-32-50-002_Visible.jpg',)","('rep2_RGB_GH1Test2_14dat_AMARE_Control_Top_0_2022-02-10_09-42-07-470_Visible.jpg',)",0.0,20.450815200805664
"('rep1_RGB_GH1Test2_14dat_AMARE_Pinoxaden_Top_Angle_240_2022-02-10_09-32-50-002_Visible.jpg',)","('rep1_RGB_GH1Test2_14dat_AMARE_Control_Top_0_2022-02-10_09-43-57-062_Visible.jpg',)",0.0,30.001338958740234
"('rep1_RGB_GH1Test2_14dat_AMARE_Pinoxaden_Top_Angle_240_2022-02-10_09-32-50-002_Visible.jpg',)","('rep3_RGB_GH1Test2_14dat_AMARE_Control_Angle_300_2022-02-10_09-47-35-239_Visible.jpg',)",0.0,16.314767837524414
"('rep1_RGB_GH1Test2_14dat_AMARE_Pinoxaden_Top_Angle_240_2022-02-10_09-32-50-002_Visible.jpg',)","('rep2_RGB_GH1Test2_14dat_AMARE_Control_Angle_60_2022-02-10_09-42-22-413_Visible.jpg',)",0.0,16.771770477294922
"('rep1_RGB_GH1Test2_14dat_AMARE_Pinoxaden_Top_Angle_240_2022-02-10_09-32-50-002_Visible.jpg',)","('rep3_RGB_GH1Test2_14dat_AMARE_Control_Angle_180_2022-02-10_09-42-46-362_Visible.jpg',)",0.0,17.230480194091797
"('rep1_RGB_GH1Test2_14dat_AMARE_Pinoxaden_Top_Angle_240_2022-02-10_09-32-50-002_Visible.jpg',)","('rep4_RGB_GH1Test2_14dat_AMARE_Control_Angle_180_2022-02-10_09-47-11-266_Visible.jpg',)",0.0,14.261311531066895
"('rep1_RGB_GH1Test2_14dat_AMARE_Pinoxaden_Top_Angle_240_2022-02-10_09-32-50-002_Visible.jpg',)","('rep2_RGB_GH1Test2_14dat_AMARE_Control_Top_0_2022-02-10_09-46-32-237_Visible.jpg',)",0.0,13.018415451049805
"('rep1_RGB_GH1Test2_14dat_AMARE_Pinoxaden_Top_Angle_240_2022-02-10_09-32-50-002_Visible.jpg',)","('rep4_RGB_GH1Test2_14dat_AMARE_Control_Top_0_2022-02-10_09-48-22-432_Visible.jpg',)",0.0,16.48175621032715
"('rep1_RGB_GH1Test2_14dat_AMARE_Pinoxaden_Top_Angle_240_2022-02-10_09-32-50-002_Visible.jpg',)","('rep2_RGB_GH1Test2_14dat_AMARE_Control_Angle_60_2022-02-10_09-42-22-413_Visible.jpg',)",0.0,18.05333137512207
"('rep1_RGB_GH1Test2_14dat_AMARE_Pinoxaden_Top_Angle_240_2022-02-10_09-32-50-002_Visible.jpg',)","('rep2_RGB_GH1Test2_14dat_AMARE_Control_Angle_240_2022-02-10_09-42-58-244_Visible.jpg',)",0.0,18.25164031982422
"('rep1_RGB_GH1Test2_14dat_AMARE_Pinoxaden_Top_Angle_240_2022-02-10_09-32-50-002_Visible.jpg',)","('rep2_RGB_GH1Test2_14dat_AMARE_Control_Angle_120_2022-02-10_09-42-34-390_Visible.jpg',)",0.0,17.842981338500977
"('rep1_RGB_GH1Test2_14dat_AMARE_Pinoxaden_Top_Angle_240_2022-02-10_09-32-50-002_Visible.jpg',)","('rep3_RGB_GH1Test2_14dat_AMARE_Control_Top_0_2022-02-10_09-43-57-062_Visible.jpg',)",0.0,15.525945663452148
"('rep1_RGB_GH1Test2_14dat_AMARE_Pinoxaden_Top_Angle_240_2022-02-10_09-32-50-002_Visible.jpg',)","('rep3_RGB_GH1Test2_14dat_AMARE_Control_Top_0_2022-02-10_09-46-32-237_Visible.jpg',)",5.0,16.269399642944336
"('rep1_RGB_GH1Test2_14dat_AMARE_Pinoxaden_Top_Angle_240_2022-02-10_09-32-50-002_Visible.jpg',)","('rep2_RGB_GH1Test2_14dat_AMARE_Control_Angle_300_2022-02-10_09-47-35-239_Visible.jpg',)",5.0,17.90998649597168
"('rep1_RGB_GH1Test2_14dat_AMARE_Pinoxaden_Top_Angle_240_2022-02-10_09-32-50-002_Visible.jpg',)","('rep1_RGB_GH1Test2_14dat_AMARE_Control_Angle_120_2022-02-10_09-46-59-176_Visible.jpg',)",5.0,19.165010452270508
"('rep1_RGB_GH1Test2_14dat_AMARE_Pinoxaden_Top_Angle_240_2022-02-10_09-32-50-002_Visible.jpg',)","('rep1_RGB_GH1Test2_14dat_AMARE_Control_Angle_60_2022-02-10_09-46-47-099_Visible.jpg',)",5.0,18.359390258789062
"('rep1_RGB_GH1Test2_14dat_AMARE_Pinoxaden_Top_Angle_240_2022-02-10_09-32-50-002_Visible.jpg',)","('rep4_RGB_GH1Test2_14dat_AMARE_Control_Angle_120_2022-02-10_09-42-34-390_Visible.jpg',)",5.0,15.538826942443848
"('rep1_RGB_GH1Test2_14dat_AMARE_Pinoxaden_Top_Angle_240_2022-02-10_09-32-50-002_Visible.jpg',)","('rep1_RGB_GH1Test2_14dat_AMARE_Control_Top_0_2022-02-10_09-48-22-432_Visible.jpg',)",5.0,21.244277954101562
"('rep1_RGB_GH1Test2_14dat_AMARE_Pinoxaden_Top_Angle_240_2022-02-10_09-32-50-002_Visible.jpg',)","('rep1_RGB_GH1Test2_14dat_AMARE_Control_Top_0_2022-02-10_09-46-32-237_Visible.jpg',)",5.0,13.980325698852539
"('rep2_RGB_GH1Test2_14dat_AMARE_Atrazine_Bottom_Angle_300_2022-02-10_09-22-00-787_Visible.jpg',)","('rep3_RGB_GH1Test2_14dat_AMARE_Control_Angle_300_2022-02-10_09-43-10-215_Visible.jpg',)",15.0,30.85795021057129
"('rep2_RGB_GH1Test2_14dat_AMARE_Atrazine_Bottom_Angle_300_2022-02-10_09-22-00-787_Visible.jpg',)","('rep1_RGB_GH1Test2_14dat_AMARE_Control_Top_0_2022-02-10_09-43-57-062_Visible.jpg',)",10.0,25.393232345581055
"('rep2_RGB_GH1Test2_14dat_AMARE_Atrazine_Bottom_Angle_300_2022-02-10_09-22-00-787_Visible.jpg',)","('rep3_RGB_GH1Test2_14dat_AMARE_Control_Angle_240_2022-02-10_09-42-58-244_Visible.jpg',)",10.0,27.763383865356445
"('rep2_RGB_GH1Test2_14dat_AMARE_Atrazine_Bottom_Angle_300_2022-02-10_09-22-00-787_Visible.jpg',)","('rep1_RGB_GH1Test2_14dat_AMARE_Control_Angle_0_2022-02-10_09-46-35-148_Visible.jpg',)",10.0,36.48210906982422
"('rep2_RGB_GH1Test2_14dat_AMARE_Atrazine_Bottom_Angle_300_2022-02-10_09-22-00-787_Visible.jpg',)","('rep1_RGB_GH1Test2_14dat_AMARE_Control_Angle_240_2022-02-10_09-49-13-495_Visible.jpg',)",10.0,35.61653137207031
"('rep2_RGB_GH1Test2_14dat_AMARE_Atrazine_Bottom_Angle_300_2022-02-10_09-22-00-787_Visible.jpg',)","('rep1_RGB_GH1Test2_14dat_AMARE_Control_Angle_60_2022-02-10_09-48-37-220_Visible.jpg',)",10.0,21.372268676757812
"('rep2_RGB_GH1Test2_14dat_AMARE_Atrazine_Bottom_Angle_300_2022-02-10_09-22-00-787_Visible.jpg',)","('rep4_RGB_GH1Test2_14dat_AMARE_Control_Top_0_2022-02-10_09-46-32-237_Visible.jpg',)",25.0,25.813194274902344
"('rep2_RGB_GH1Test2_14dat_AMARE_Atrazine_Bottom_Angle_300_2022-02-10_09-22-00-787_Visible.jpg',)","('rep3_RGB_GH1Test2_14dat_AMARE_Control_Top_0_2022-02-10_09-46-32-237_Visible.jpg',)",25.0,22.63966178894043
"('rep2_RGB_GH1Test2_14dat_AMARE_Atrazine_Bottom_Angle_300_2022-02-10_09-22-00-787_Visible.jpg',)","('rep1_RGB_GH1Test2_14dat_AMARE_Control_Top_0_2022-02-10_09-48-22-432_Visible.jpg',)",25.0,35.6580924987793
"('rep2_RGB_GH1Test2_14dat_AMARE_Atrazine_Bottom_Angle_300_2022-02-10_09-22-00-787_Visible.jpg',)","('rep4_RGB_GH1Test2_14dat_AMARE_Control_Top_0_2022-02-10_09-43-57-062_Visible.jpg',)",10.0,17.36884880065918
"('rep2_RGB_GH1Test2_14dat_AMARE_Atrazine_Bottom_Angle_300_2022-02-10_09-22-00-787_Visible.jpg',)","('rep1_RGB_GH1Test2_14dat_AMARE_Control_Angle_300_2022-02-10_09-44-59-738_Visible.jpg',)",25.0,23.58024024963379
"('rep2_RGB_GH1Test2_14dat_AMARE_Atrazine_Bottom_Angle_300_2022-02-10_09-22-00-787_Visible.jpg',)","('rep3_RGB_GH1Test2_14dat_AMARE_Control_Angle_60_2022-02-10_09-44-11-905_Visible.jpg',)",25.0,25.016170501708984
"('rep2_RGB_GH1Test2_14dat_AMARE_Atrazine_Bottom_Angle_300_2022-02-10_09-22-00-787_Visible.jpg',)","('rep1_RGB_GH1Test2_14dat_AMARE_Control_Angle_60_2022-02-10_09-42-22-413_Visible.jpg',)",25.0,26.898332595825195
"('rep2_RGB_GH1Test2_14dat_AMARE_Atrazine_Bottom_Angle_300_2022-02-10_09-22-00-787_Visible.jpg',)","('rep1_RGB_GH1Test2_14dat_AMARE_Control_Top_0_2022-02-10_09-42-07-470_Visible.jpg',)",15.0,32.28376770019531
"('rep2_RGB_GH1Test2_14dat_AMARE_Atrazine_Bottom_Angle_300_2022-02-10_09-22-00-787_Visible.jpg',)","('rep4_RGB_GH1Test2_14dat_AMARE_Control_Top_0_2022-02-10_09-43-57-062_Visible.jpg',)",15.0,24.69256019592285
"('rep2_RGB_GH1Test2_14dat_AMARE_Atrazine_Bottom_Angle_300_2022-02-10_09-22-00-787_Visible.jpg',)","('rep3_RGB_GH1Test2_14dat_AMARE_Control_Top_0_2022-02-10_09-48-22-432_Visible.jpg',)",15.0,30.248350143432617
"('rep2_RGB_GH1Test2_14dat_AMARE_Atrazine_Bottom_Angle_300_2022-02-10_09-22-00-787_Visible.jpg',)","('rep2_RGB_GH1Test2_14dat_AMARE_Control_Angle_240_2022-02-10_09-42-58-244_Visible.jpg',)",15.0,22.22529411315918
"('rep2_RGB_GH1Test2_14dat_AMARE_Atrazine_Bottom_Angle_300_2022-02-10_09-22-00-787_Visible.jpg',)","('rep1_RGB_GH1Test2_14dat_AMARE_Control_Angle_60_2022-02-10_09-48-37-220_Visible.jpg',)",15.0,38.48548889160156
"('rep2_RGB_GH1Test2_14dat_AMARE_Atrazine_Bottom_Angle_300_2022-02-10_09-22-00-787_Visible.jpg',)","('rep1_RGB_GH1Test2_14dat_AMARE_Control_Angle_300_2022-02-10_09-49-25-576_Visible.jpg',)",15.0,22.80098533630371
"('rep2_RGB_GH1Test2_14dat_AMARE_Atrazine_Bottom_Angle_300_2022-02-10_09-22-00-787_Visible.jpg',)","('rep1_RGB_GH1Test2_14dat_AMARE_Control_Angle_300_2022-02-10_09-47-35-239_Visible.jpg',)",25.0,26.790830612182617
"('rep2_RGB_GH1Test2_14dat_AMARE_Atrazine_Bottom_Angle_300_2022-02-10_09-22-00-787_Visible.jpg',)","('rep4_RGB_GH1Test2_14dat_AMARE_Control_Top_0_2022-02-10_09-42-07-470_Visible.jpg',)",10.0,23.358829498291016
"('rep2_RGB_GH1Test2_14dat_AMARE_Butafenacil_Bottom_Angle_0_2022-02-10_09-38-54-271_Visible.jpg',)","('rep2_RGB_GH1Test2_14dat_AMARE_Control_Angle_240_2022-02-10_09-49-13-495_Visible.jpg',)",100.0,100.0
"('rep2_RGB_GH1Test2_14dat_AMARE_Butafenacil_Bottom_Angle_0_2022-02-10_09-38-54-271_Visible.jpg',)","('rep3_RGB_GH1Test2_14dat_AMARE_Control_Angle_120_2022-02-10_09-46-59-176_Visible.jpg',)",100.0,100.0
"('rep2_RGB_GH1Test2_14dat_AMARE_Butafenacil_Bottom_Angle_0_2022-02-10_09-38-54-271_Visible.jpg',)","('rep1_RGB_GH1Test2_14dat_AMARE_Control_Angle_60_2022-02-10_09-46-47-099_Visible.jpg',)",100.0,100.0
"('rep2_RGB_GH1Test2_14dat_AMARE_Butafenacil_Bottom_Angle_0_2022-02-10_09-38-54-271_Visible.jpg',)","('rep1_RGB_GH1Test2_14dat_AMARE_Control_Angle_60_2022-02-10_09-44-11-905_Visible.jpg',)",100.0,100.0
"('rep2_RGB_GH1Test2_14dat_AMARE_Butafenacil_Bottom_Angle_0_2022-02-10_09-38-54-271_Visible.jpg',)","('rep3_RGB_GH1Test2_14dat_AMARE_Control_Top_0_2022-02-10_09-43-57-062_Visible.jpg',)",100.0,100.0
"('rep2_RGB_GH1Test2_14dat_AMARE_Butafenacil_Bottom_Angle_0_2022-02-10_09-38-54-271_Visible.jpg',)","('rep1_RGB_GH1Test2_14dat_AMARE_Control_Top_0_2022-02-10_09-42-07-470_Visible.jpg',)",100.0,100.0
"('rep2_RGB_GH1Test2_14dat_AMARE_Butafenacil_Bottom_Angle_0_2022-02-10_09-38-54-271_Visible.jpg',)","('rep2_RGB_GH1Test2_14dat_AMARE_Control_Top_0_2022-02-10_09-43-57-062_Visible.jpg',)",100.0,100.0
"('rep2_RGB_GH1Test2_14dat_AMARE_Butafenacil_Bottom_Angle_0_2022-02-10_09-38-54-271_Visible.jpg',)","('rep4_RGB_GH1Test2_14dat_AMARE_Control_Angle_0_2022-02-10_09-42-10-411_Visible.jpg',)",100.0,100.0
"('rep2_RGB_GH1Test2_14dat_AMARE_Butafenacil_Bottom_Angle_0_2022-02-10_09-38-54-271_Visible.jpg',)","('rep1_RGB_GH1Test2_14dat_AMARE_Control_Angle_300_2022-02-10_09-47-35-239_Visible.jpg',)",100.0,100.0
"('rep2_RGB_GH1Test2_14dat_AMARE_Butafenacil_Bottom_Angle_0_2022-02-10_09-38-54-271_Visible.jpg',)","('rep3_RGB_GH1Test2_14dat_AMARE_Control_Angle_180_2022-02-10_09-47-11-266_Visible.jpg',)",100.0,100.0
"('rep2_RGB_GH1Test2_14dat_AMARE_Butafenacil_Bottom_Angle_0_2022-02-10_09-38-54-271_Visible.jpg',)","('rep1_RGB_GH1Test2_14dat_AMARE_Control_Angle_180_2022-02-10_09-42-46-362_Visible.jpg',)",100.0,100.0
"('rep2_RGB_GH1Test2_14dat_AMARE_Butafenacil_Bottom_Angle_0_2022-02-10_09-38-54-271_Visible.jpg',)","('rep4_RGB_GH1Test2_14dat_AMARE_Control_Top_0_2022-02-10_09-43-57-062_Visible.jpg',)",100.0,100.0
"('rep2_RGB_GH1Test2_14dat_AMARE_Butafenacil_Bottom_Angle_0_2022-02-10_09-38-54-271_Visible.jpg',)","('rep2_RGB_GH1Test2_14dat_AMARE_Control_Top_0_2022-02-10_09-46-32-237_Visible.jpg',)",100.0,100.0
"('rep2_RGB_GH1Test2_14dat_AMARE_Butafenacil_Bottom_Angle_0_2022-02-10_09-38-54-271_Visible.jpg',)","('rep3_RGB_GH1Test2_14dat_AMARE_Control_Top_0_2022-02-10_09-46-32-237_Visible.jpg',)",100.0,100.0
"('rep2_RGB_GH1Test2_14dat_AMARE_Dicamba_Top_Angle_180_2022-02-10_09-28-17-011_Visible.jpg',)","('rep1_RGB_GH1Test2_14dat_AMARE_Control_Angle_240_2022-02-10_09-47-23-284_Visible.jpg',)",90.0,100.0
"('rep2_RGB_GH1Test2_14dat_AMARE_Dicamba_Top_Angle_180_2022-02-10_09-28-17-011_Visible.jpg',)","('rep3_RGB_GH1Test2_14dat_AMARE_Control_Angle_180_2022-02-10_09-44-35-841_Visible.jpg',)",90.0,100.0
"('rep2_RGB_GH1Test2_14dat_AMARE_Dicamba_Top_Angle_180_2022-02-10_09-28-17-011_Visible.jpg',)","('rep3_RGB_GH1Test2_14dat_AMARE_Control_Angle_120_2022-02-10_09-42-34-390_Visible.jpg',)",90.0,100.0
"('rep2_RGB_GH1Test2_14dat_AMARE_Dicamba_Top_Angle_180_2022-02-10_09-28-17-011_Visible.jpg',)","('rep1_RGB_GH1Test2_14dat_AMARE_Control_Angle_300_2022-02-10_09-47-35-239_Visible.jpg',)",90.0,100.0
"('rep2_RGB_GH1Test2_14dat_AMARE_Dicamba_Top_Angle_180_2022-02-10_09-28-17-011_Visible.jpg',)","('rep3_RGB_GH1Test2_14dat_AMARE_Control_Top_0_2022-02-10_09-43-57-062_Visible.jpg',)",90.0,100.0
"('rep2_RGB_GH1Test2_14dat_AMARE_Dicamba_Top_Angle_180_2022-02-10_09-28-17-011_Visible.jpg',)","('rep2_RGB_GH1Test2_14dat_AMARE_Control_Top_0_2022-02-10_09-43-57-062_Visible.jpg',)",90.0,100.0
"('rep2_RGB_GH1Test2_14dat_AMARE_Dicamba_Top_Angle_180_2022-02-10_09-28-17-011_Visible.jpg',)","('rep3_RGB_GH1Test2_14dat_AMARE_Control_Top_0_2022-02-10_09-46-32-237_Visible.jpg',)",90.0,100.0
"('rep2_RGB_GH1Test2_14dat_AMARE_Mesotrione_Bottom_Angle_120_2022-02-10_09-17-02-761_Visible.jpg',)","('rep2_RGB_GH1Test2_14dat_AMARE_Control_Angle_180_2022-02-10_09-47-11-266_Visible.jpg',)",55.0,64.76649475097656
"('rep2_RGB_GH1Test2_14dat_AMARE_Mesotrione_Bottom_Angle_120_2022-02-10_09-17-02-761_Visible.jpg',)","('rep1_RGB_GH1Test2_14dat_AMARE_Control_Top_0_2022-02-10_09-46-32-237_Visible.jpg',)",60.0,59.929664611816406
"('rep2_RGB_GH1Test2_14dat_AMARE_Mesotrione_Bottom_Angle_120_2022-02-10_09-17-02-761_Visible.jpg',)","('rep4_RGB_GH1Test2_14dat_AMARE_Control_Angle_0_2022-02-10_09-42-10-411_Visible.jpg',)",60.0,63.1251106262207
"('rep2_RGB_GH1Test2_14dat_AMARE_Mesotrione_Bottom_Angle_120_2022-02-10_09-17-02-761_Visible.jpg',)","('rep3_RGB_GH1Test2_14dat_AMARE_Control_Angle_240_2022-02-10_09-44-47-763_Visible.jpg',)",60.0,58.756492614746094
"('rep2_RGB_GH1Test2_14dat_AMARE_Mesotrione_Bottom_Angle_120_2022-02-10_09-17-02-761_Visible.jpg',)","('rep4_RGB_GH1Test2_14dat_AMARE_Control_Angle_60_2022-02-10_09-46-47-099_Visible.jpg',)",60.0,66.26947021484375
"('rep2_RGB_GH1Test2_14dat_AMARE_Mesotrione_Bottom_Angle_120_2022-02-10_09-17-02-761_Visible.jpg',)","('rep4_RGB_GH1Test2_14dat_AMARE_Control_Angle_0_2022-02-10_09-48-25-306_Visible.jpg',)",60.0,62.08235549926758
"('rep2_RGB_GH1Test2_14dat_AMARE_Mesotrione_Bottom_Angle_120_2022-02-10_09-17-02-761_Visible.jpg',)","('rep3_RGB_GH1Test2_14dat_AMARE_Control_Top_0_2022-02-10_09-43-57-062_Visible.jpg',)",55.0,64.0973892211914
"('rep2_RGB_GH1Test2_14dat_AMARE_Mesotrione_Bottom_Angle_120_2022-02-10_09-17-02-761_Visible.jpg',)","('rep2_RGB_GH1Test2_14dat_AMARE_Control_Top_0_2022-02-10_09-42-07-470_Visible.jpg',)",55.0,64.715576171875
"('rep2_RGB_GH1Test2_14dat_AMARE_Mesotrione_Bottom_Angle_120_2022-02-10_09-17-02-761_Visible.jpg',)","('rep4_RGB_GH1Test2_14dat_AMARE_Control_Top_0_2022-02-10_09-48-22-432_Visible.jpg',)",55.0,62.9974365234375
"('rep2_RGB_GH1Test2_14dat_AMARE_Mesotrione_Bottom_Angle_120_2022-02-10_09-17-02-761_Visible.jpg',)","('rep4_RGB_GH1Test2_14dat_AMARE_Control_Top_0_2022-02-10_09-48-22-432_Visible.jpg',)",60.0,57.93144607543945
"('rep2_RGB_GH1Test2_14dat_AMARE_Mesotrione_Bottom_Angle_120_2022-02-10_09-17-02-761_Visible.jpg',)","('rep1_RGB_GH1Test2_14dat_AMARE_Control_Angle_180_2022-02-10_09-42-46-362_Visible.jpg',)",55.0,63.87017822265625
"('rep2_RGB_GH1Test2_14dat_AMARE_Mesotrione_Bottom_Angle_120_2022-02-10_09-17-02-761_Visible.jpg',)","('rep1_RGB_GH1Test2_14dat_AMARE_Control_Angle_0_2022-02-10_09-43-59-975_Visible.jpg',)",55.0,62.962608337402344
"('rep2_RGB_GH1Test2_14dat_AMARE_Mesotrione_Bottom_Angle_120_2022-02-10_09-17-02-761_Visible.jpg',)","('rep3_RGB_GH1Test2_14dat_AMARE_Control_Angle_300_2022-02-10_09-47-35-239_Visible.jpg',)",55.0,65.55362701416016
"('rep2_RGB_GH1Test2_14dat_AMARE_Mesotrione_Bottom_Angle_120_2022-02-10_09-17-02-761_Visible.jpg',)","('rep2_RGB_GH1Test2_14dat_AMARE_Control_Top_0_2022-02-10_09-42-07-470_Visible.jpg',)",55.0,65.53333282470703
"('rep2_RGB_GH1Test2_14dat_AMARE_Mesotrione_Bottom_Angle_120_2022-02-10_09-17-02-761_Visible.jpg',)","('rep3_RGB_GH1Test2_14dat_AMARE_Control_Top_0_2022-02-10_09-46-32-237_Visible.jpg',)",55.0,63.155235290527344
"('rep2_RGB_GH1Test2_14dat_AMARE_Mesotrione_Bottom_Angle_120_2022-02-10_09-17-02-761_Visible.jpg',)","('rep4_RGB_GH1Test2_14dat_AMARE_Control_Top_0_2022-02-10_09-43-57-062_Visible.jpg',)",55.0,60.45901870727539
"('rep2_RGB_GH1Test2_14dat_AMARE_Mesotrione_Bottom_Angle_120_2022-02-10_09-17-02-761_Visible.jpg',)","('rep2_RGB_GH1Test2_14dat_AMARE_Control_Angle_60_2022-02-10_09-44-11-905_Visible.jpg',)",55.0,64.9290542602539
"('rep2_RGB_GH1Test2_14dat_AMARE_Mesotrione_Bottom_Angle_120_2022-02-10_09-17-02-761_Visible.jpg',)","('rep3_RGB_GH1Test2_14dat_AMARE_Control_Angle_60_2022-02-10_09-48-37-220_Visible.jpg',)",55.0,59.81956100463867
"('rep2_RGB_GH1Test2_14dat_AMARE_Mesotrione_Bottom_Angle_120_2022-02-10_09-17-02-761_Visible.jpg',)","('rep3_RGB_GH1Test2_14dat_AMARE_Control_Angle_60_2022-02-10_09-46-47-099_Visible.jpg',)",55.0,60.45372009277344
"('rep2_RGB_GH1Test2_14dat_AMARE_Mesotrione_Bottom_Angle_120_2022-02-10_09-17-02-761_Visible.jpg',)","('rep2_RGB_GH1Test2_14dat_AMARE_Control_Angle_60_2022-02-10_09-46-47-099_Visible.jpg',)",55.0,61.37276840209961
"('rep2_RGB_GH1Test2_14dat_AMARE_Mesotrione_Bottom_Angle_120_2022-02-10_09-17-02-761_Visible.jpg',)","('rep2_RGB_GH1Test2_14dat_AMARE_Control_Top_0_2022-02-10_09-46-32-237_Visible.jpg',)",60.0,61.577903747558594
"('rep2_RGB_GH1Test2_14dat_AMARE_Mesotrione_Top_Angle_240_2022-02-10_09-14-59-456_Visible.jpg',)","('rep1_RGB_GH1Test2_14dat_AMARE_Control_Angle_0_2022-02-10_09-42-10-411_Visible.jpg',)",85.0,100.0
"('rep2_RGB_GH1Test2_14dat_AMARE_Mesotrione_Top_Angle_240_2022-02-10_09-14-59-456_Visible.jpg',)","('rep1_RGB_GH1Test2_14dat_AMARE_Control_Top_0_2022-02-10_09-43-57-062_Visible.jpg',)",85.0,100.0
"('rep2_RGB_GH1Test2_14dat_AMARE_Mesotrione_Top_Angle_240_2022-02-10_09-14-59-456_Visible.jpg',)","('rep1_RGB_GH1Test2_14dat_AMARE_Control_Angle_120_2022-02-10_09-42-34-390_Visible.jpg',)",85.0,100.0
"('rep2_RGB_GH1Test2_14dat_AMARE_Mesotrione_Top_Angle_240_2022-02-10_09-14-59-456_Visible.jpg',)","('rep3_RGB_GH1Test2_14dat_AMARE_Control_Angle_240_2022-02-10_09-47-23-284_Visible.jpg',)",85.0,100.0
"('rep2_RGB_GH1Test2_14dat_AMARE_Mesotrione_Top_Angle_240_2022-02-10_09-14-59-456_Visible.jpg',)","('rep3_RGB_GH1Test2_14dat_AMARE_Control_Angle_0_2022-02-10_09-46-35-148_Visible.jpg',)",85.0,100.0
"('rep2_RGB_GH1Test2_14dat_AMARE_Mesotrione_Top_Angle_240_2022-02-10_09-14-59-456_Visible.jpg',)","('rep1_RGB_GH1Test2_14dat_AMARE_Control_Angle_300_2022-02-10_09-49-25-576_Visible.jpg',)",85.0,100.0
"('rep2_RGB_GH1Test2_14dat_AMARE_Mesotrione_Top_Angle_240_2022-02-10_09-14-59-456_Visible.jpg',)","('rep4_RGB_GH1Test2_14dat_AMARE_Control_Top_0_2022-02-10_09-46-32-237_Visible.jpg',)",85.0,100.0
"('rep2_RGB_GH1Test2_14dat_AMARE_Mesotrione_Top_Angle_240_2022-02-10_09-14-59-456_Visible.jpg',)","('rep1_RGB_GH1Test2_14dat_AMARE_Control_Top_0_2022-02-10_09-42-07-470_Visible.jpg',)",85.0,100.0
"('rep2_RGB_GH1Test2_14dat_AMARE_Mesotrione_Top_Angle_240_2022-02-10_09-14-59-456_Visible.jpg',)","('rep3_RGB_GH1Test2_14dat_AMARE_Control_Top_0_2022-02-10_09-48-22-432_Visible.jpg',)",85.0,100.0
"('rep2_RGB_GH1Test2_14dat_AMARE_Mesotrione_Top_Angle_240_2022-02-10_09-14-59-456_Visible.jpg',)","('rep4_RGB_GH1Test2_14dat_AMARE_Control_Top_0_2022-02-10_09-46-32-237_Visible.jpg',)",85.0,100.0
"('rep2_RGB_GH1Test2_14dat_AMARE_Mesotrione_Top_Angle_240_2022-02-10_09-14-59-456_Visible.jpg',)","('rep1_RGB_GH1Test2_14dat_AMARE_Control_Top_0_2022-02-10_09-46-32-237_Visible.jpg',)",85.0,100.0
"('rep2_RGB_GH1Test2_14dat_AMARE_Mesotrione_Top_Angle_240_2022-02-10_09-14-59-456_Visible.jpg',)","('rep3_RGB_GH1Test2_14dat_AMARE_Control_Angle_60_2022-02-10_09-46-47-099_Visible.jpg',)",85.0,100.0
"('rep2_RGB_GH1Test2_14dat_AMARE_Mesotrione_Top_Angle_240_2022-02-10_09-14-59-456_Visible.jpg',)","('rep3_RGB_GH1Test2_14dat_AMARE_Control_Angle_180_2022-02-10_09-49-01-347_Visible.jpg',)",85.0,100.0
"('rep2_RGB_GH1Test2_14dat_AMARE_Mesotrione_Top_Angle_240_2022-02-10_09-14-59-456_Visible.jpg',)","('rep1_RGB_GH1Test2_14dat_AMARE_Control_Angle_240_2022-02-10_09-47-23-284_Visible.jpg',)",85.0,100.0
"('rep2_RGB_GH1Test2_14dat_AMARE_Mesotrione_Top_Angle_240_2022-02-10_09-14-59-456_Visible.jpg',)","('rep1_RGB_GH1Test2_14dat_AMARE_Control_Top_0_2022-02-10_09-46-32-237_Visible.jpg',)",90.0,100.0
"('rep2_RGB_GH1Test2_14dat_AMARE_Mesotrione_Top_Angle_240_2022-02-10_09-14-59-456_Visible.jpg',)","('rep4_RGB_GH1Test2_14dat_AMARE_Control_Top_0_2022-02-10_09-46-32-237_Visible.jpg',)",90.0,100.0
"('rep2_RGB_GH1Test2_14dat_AMARE_Mesotrione_Top_Angle_240_2022-02-10_09-14-59-456_Visible.jpg',)","('rep3_RGB_GH1Test2_14dat_AMARE_Control_Top_0_2022-02-10_09-48-22-432_Visible.jpg',)",90.0,100.0
"('rep2_RGB_GH1Test2_14dat_AMARE_Mesotrione_Top_Angle_240_2022-02-10_09-14-59-456_Visible.jpg',)","('rep2_RGB_GH1Test2_14dat_AMARE_Control_Angle_120_2022-02-10_09-44-23-954_Visible.jpg',)",90.0,100.0
"('rep2_RGB_GH1Test2_14dat_AMARE_Mesotrione_Top_Angle_240_2022-02-10_09-14-59-456_Visible.jpg',)","('rep2_RGB_GH1Test2_14dat_AMARE_Control_Angle_240_2022-02-10_09-49-13-495_Visible.jpg',)",90.0,100.0
"('rep2_RGB_GH1Test2_14dat_AMARE_Mesotrione_Top_Angle_240_2022-02-10_09-14-59-456_Visible.jpg',)","('rep1_RGB_GH1Test2_14dat_AMARE_Control_Angle_0_2022-02-10_09-46-35-148_Visible.jpg',)",90.0,100.0
"('rep2_RGB_GH1Test2_14dat_AMARE_Mesotrione_Top_Angle_240_2022-02-10_09-14-59-456_Visible.jpg',)","('rep2_RGB_GH1Test2_14dat_AMARE_Control_Angle_240_2022-02-10_09-42-58-244_Visible.jpg',)",90.0,100.0
"('rep2_RGB_GH1Test2_14dat_AMARE_PAGAN_Top_Angle_180_2022-02-10_09-23-55-005_Visible.jpg',)","('rep3_RGB_GH1Test2_14dat_AMARE_Control_Angle_120_2022-02-10_09-46-59-176_Visible.jpg',)",70.0,99.98295593261719
"('rep2_RGB_GH1Test2_14dat_AMARE_PAGAN_Top_Angle_180_2022-02-10_09-23-55-005_Visible.jpg',)","('rep4_RGB_GH1Test2_14dat_AMARE_Control_Top_0_2022-02-10_09-43-57-062_Visible.jpg',)",65.0,99.99166870117188
"('rep2_RGB_GH1Test2_14dat_AMARE_PAGAN_Top_Angle_180_2022-02-10_09-23-55-005_Visible.jpg',)","('rep1_RGB_GH1Test2_14dat_AMARE_Control_Angle_180_2022-02-10_09-47-11-266_Visible.jpg',)",65.0,99.98186492919922
"('rep2_RGB_GH1Test2_14dat_AMARE_PAGAN_Top_Angle_180_2022-02-10_09-23-55-005_Visible.jpg',)","('rep2_RGB_GH1Test2_14dat_AMARE_Control_Angle_240_2022-02-10_09-47-23-284_Visible.jpg',)",65.0,99.24862670898438
"('rep2_RGB_GH1Test2_14dat_AMARE_PAGAN_Top_Angle_180_2022-02-10_09-23-55-005_Visible.jpg',)","('rep1_RGB_GH1Test2_14dat_AMARE_Control_Angle_300_2022-02-10_09-49-25-576_Visible.jpg',)",65.0,99.98738861083984
"('rep2_RGB_GH1Test2_14dat_AMARE_PAGAN_Top_Angle_180_2022-02-10_09-23-55-005_Visible.jpg',)","('rep3_RGB_GH1Test2_14dat_AMARE_Control_Angle_120_2022-02-10_09-48-49-271_Visible.jpg',)",65.0,99.9668960571289
"('rep2_RGB_GH1Test2_14dat_AMARE_PAGAN_Top_Angle_180_2022-02-10_09-23-55-005_Visible.jpg',)","('rep2_RGB_GH1Test2_14dat_AMARE_Control_Top_0_2022-02-10_09-46-32-237_Visible.jpg',)",60.0,99.97875213623047
"('rep2_RGB_GH1Test2_14dat_AMARE_PAGAN_Top_Angle_180_2022-02-10_09-23-55-005_Visible.jpg',)","('rep2_RGB_GH1Test2_14dat_AMARE_Control_Top_0_2022-02-10_09-43-57-062_Visible.jpg',)",60.0,99.47480773925781
"('rep2_RGB_GH1Test2_14dat_AMARE_PAGAN_Top_Angle_180_2022-02-10_09-23-55-005_Visible.jpg',)","('rep3_RGB_GH1Test2_14dat_AMARE_Control_Top_0_2022-02-10_09-43-57-062_Visible.jpg',)",60.0,75.03775787353516
"('rep2_RGB_GH1Test2_14dat_AMARE_PAGAN_Top_Angle_180_2022-02-10_09-23-55-005_Visible.jpg',)","('rep4_RGB_GH1Test2_14dat_AMARE_Control_Top_0_2022-02-10_09-48-22-432_Visible.jpg',)",65.0,99.94396209716797
"('rep2_RGB_GH1Test2_14dat_AMARE_PAGAN_Top_Angle_180_2022-02-10_09-23-55-005_Visible.jpg',)","('rep3_RGB_GH1Test2_14dat_AMARE_Control_Angle_300_2022-02-10_09-44-59-738_Visible.jpg',)",60.0,73.93146514892578
"('rep2_RGB_GH1Test2_14dat_AMARE_PAGAN_Top_Angle_180_2022-02-10_09-23-55-005_Visible.jpg',)","('rep4_RGB_GH1Test2_14dat_AMARE_Control_Angle_0_2022-02-10_09-42-10-411_Visible.jpg',)",60.0,99.24531555175781
"('rep2_RGB_GH1Test2_14dat_AMARE_PAGAN_Top_Angle_180_2022-02-10_09-23-55-005_Visible.jpg',)","('rep1_RGB_GH1Test2_14dat_AMARE_Control_Angle_60_2022-02-10_09-42-22-413_Visible.jpg',)",60.0,99.55876922607422
"('rep2_RGB_GH1Test2_14dat_AMARE_PAGAN_Top_Angle_180_2022-02-10_09-23-55-005_Visible.jpg',)","('rep4_RGB_GH1Test2_14dat_AMARE_Control_Top_0_2022-02-10_09-43-57-062_Visible.jpg',)",70.0,99.97610473632812
"('rep2_RGB_GH1Test2_14dat_AMARE_PAGAN_Top_Angle_180_2022-02-10_09-23-55-005_Visible.jpg',)","('rep4_RGB_GH1Test2_14dat_AMARE_Control_Top_0_2022-02-10_09-46-32-237_Visible.jpg',)",70.0,99.99364471435547
"('rep2_RGB_GH1Test2_14dat_AMARE_PAGAN_Top_Angle_180_2022-02-10_09-23-55-005_Visible.jpg',)","('rep1_RGB_GH1Test2_14dat_AMARE_Control_Top_0_2022-02-10_09-43-57-062_Visible.jpg',)",70.0,99.99073791503906
"('rep2_RGB_GH1Test2_14dat_AMARE_PAGAN_Top_Angle_180_2022-02-10_09-23-55-005_Visible.jpg',)","('rep1_RGB_GH1Test2_14dat_AMARE_Control_Angle_0_2022-02-10_09-43-59-975_Visible.jpg',)",70.0,99.89774322509766
"('rep2_RGB_GH1Test2_14dat_AMARE_PAGAN_Top_Angle_180_2022-02-10_09-23-55-005_Visible.jpg',)","('rep4_RGB_GH1Test2_14dat_AMARE_Control_Angle_300_2022-02-10_09-44-59-738_Visible.jpg',)",70.0,99.9876708984375
"('rep2_RGB_GH1Test2_14dat_AMARE_PAGAN_Top_Angle_180_2022-02-10_09-23-55-005_Visible.jpg',)","('rep3_RGB_GH1Test2_14dat_AMARE_Control_Angle_180_2022-02-10_09-47-11-266_Visible.jpg',)",70.0,99.94953918457031
"('rep2_RGB_GH1Test2_14dat_AMARE_PAGAN_Top_Angle_180_2022-02-10_09-23-55-005_Visible.jpg',)","('rep1_RGB_GH1Test2_14dat_AMARE_Control_Angle_180_2022-02-10_09-44-35-841_Visible.jpg',)",60.0,99.99644470214844
"('rep2_RGB_GH1Test2_14dat_AMARE_PAGAN_Top_Angle_180_2022-02-10_09-23-55-005_Visible.jpg',)","('rep1_RGB_GH1Test2_14dat_AMARE_Control_Top_0_2022-02-10_09-42-07-470_Visible.jpg',)",65.0,99.99432373046875
"('rep2_RGB_GH1Test2_14dat_AMARE_Pinoxaden_Bottom_Angle_60_2022-02-10_09-34-18-951_Visible.jpg',)","('rep3_RGB_GH1Test2_14dat_AMARE_Control_Angle_120_2022-02-10_09-48-49-271_Visible.jpg',)",0.0,32.65290451049805
"('rep2_RGB_GH1Test2_14dat_AMARE_Pinoxaden_Bottom_Angle_60_2022-02-10_09-34-18-951_Visible.jpg',)","('rep1_RGB_GH1Test2_14dat_AMARE_Control_Top_0_2022-02-10_09-46-32-237_Visible.jpg',)",0.0,12.953872680664062
"('rep2_RGB_GH1Test2_14dat_AMARE_Pinoxaden_Bottom_Angle_60_2022-02-10_09-34-18-951_Visible.jpg',)","('rep3_RGB_GH1Test2_14dat_AMARE_Control_Angle_0_2022-02-10_09-43-59-975_Visible.jpg',)",0.0,25.24654197692871
"('rep2_RGB_GH1Test2_14dat_AMARE_Pinoxaden_Bottom_Angle_60_2022-02-10_09-34-18-951_Visible.jpg',)","('rep3_RGB_GH1Test2_14dat_AMARE_Control_Angle_60_2022-02-10_09-46-47-099_Visible.jpg',)",0.0,19.66704750061035
"('rep2_RGB_GH1Test2_14dat_AMARE_Pinoxaden_Bottom_Angle_60_2022-02-10_09-34-18-951_Visible.jpg',)","('rep1_RGB_GH1Test2_14dat_AMARE_Control_Angle_180_2022-02-10_09-44-35-841_Visible.jpg',)",0.0,30.2741641998291
"('rep2_RGB_GH1Test2_14dat_AMARE_Pinoxaden_Bottom_Angle_60_2022-02-10_09-34-18-951_Visible.jpg',)","('rep1_RGB_GH1Test2_14dat_AMARE_Control_Angle_120_2022-02-10_09-48-49-271_Visible.jpg',)",0.0,26.825376510620117
"('rep2_RGB_GH1Test2_14dat_AMARE_Pinoxaden_Bottom_Angle_60_2022-02-10_09-34-18-951_Visible.jpg',)","('rep4_RGB_GH1Test2_14dat_AMARE_Control_Top_0_2022-02-10_09-42-07-470_Visible.jpg',)",0.0,22.094425201416016
"('rep2_RGB_GH1Test2_14dat_AMARE_Pinoxaden_Bottom_Angle_60_2022-02-10_09-34-18-951_Visible.jpg',)","('rep4_RGB_GH1Test2_14dat_AMARE_Control_Top_0_2022-02-10_09-46-32-237_Visible.jpg',)",0.0,15.237951278686523
"('rep2_RGB_GH1Test2_14dat_AMARE_Pinoxaden_Bottom_Angle_60_2022-02-10_09-34-18-951_Visible.jpg',)","('rep3_RGB_GH1Test2_14dat_AMARE_Control_Top_0_2022-02-10_09-48-22-432_Visible.jpg',)",0.0,28.69870376586914
"('rep2_RGB_GH1Test2_14dat_AMARE_Pinoxaden_Bottom_Angle_60_2022-02-10_09-34-18-951_Visible.jpg',)","('rep3_RGB_GH1Test2_14dat_AMARE_Control_Top_0_2022-02-10_09-42-07-470_Visible.jpg',)",0.0,29.240617752075195
"('rep2_RGB_GH1Test2_14dat_AMARE_Pinoxaden_Bottom_Angle_60_2022-02-10_09-34-18-951_Visible.jpg',)","('rep2_RGB_GH1Test2_14dat_AMARE_Control_Angle_300_2022-02-10_09-44-59-738_Visible.jpg',)",0.0,73.5670394897461
"('rep2_RGB_GH1Test2_14dat_AMARE_Pinoxaden_Bottom_Angle_60_2022-02-10_09-34-18-951_Visible.jpg',)","('rep1_RGB_GH1Test2_14dat_AMARE_Control_Angle_0_2022-02-10_09-48-25-306_Visible.jpg',)",0.0,24.948293685913086
"('rep2_RGB_GH1Test2_14dat_AMARE_Pinoxaden_Bottom_Angle_60_2022-02-10_09-34-18-951_Visible.jpg',)","('rep1_RGB_GH1Test2_14dat_AMARE_Control_Angle_240_2022-02-10_09-42-58-244_Visible.jpg',)",0.0,25.491497039794922
"('rep2_RGB_GH1Test2_14dat_AMARE_Pinoxaden_Bottom_Angle_60_2022-02-10_09-34-18-951_Visible.jpg',)","('rep4_RGB_GH1Test2_14dat_AMARE_Control_Top_0_2022-02-10_09-42-07-470_Visible.jpg',)",0.0,27.401077270507812
"('rep2_RGB_GH1Test2_14dat_AMARE_Pinoxaden_Bottom_Angle_60_2022-02-10_09-34-18-951_Visible.jpg',)","('rep1_RGB_GH1Test2_14dat_AMARE_Control_Top_0_2022-02-10_09-48-22-432_Visible.jpg',)",0.0,43.14680099487305
"('rep2_RGB_GH1Test2_14dat_AMARE_Pinoxaden_Bottom_Angle_60_2022-02-10_09-34-18-951_Visible.jpg',)","('rep4_RGB_GH1Test2_14dat_AMARE_Control_Top_0_2022-02-10_09-48-22-432_Visible.jpg',)",0.0,22.16779136657715
"('rep2_RGB_GH1Test2_14dat_AMARE_Pinoxaden_Bottom_Angle_60_2022-02-10_09-34-18-951_Visible.jpg',)","('rep4_RGB_GH1Test2_14dat_AMARE_Control_Angle_300_2022-02-10_09-43-10-215_Visible.jpg',)",0.0,26.64039421081543
"('rep2_RGB_GH1Test2_14dat_AMARE_Pinoxaden_Bottom_Angle_60_2022-02-10_09-34-18-951_Visible.jpg',)","('rep2_RGB_GH1Test2_14dat_AMARE_Control_Angle_180_2022-02-10_09-49-01-347_Visible.jpg',)",0.0,19.726947784423828
"('rep2_RGB_GH1Test2_14dat_AMARE_Pinoxaden_Bottom_Angle_60_2022-02-10_09-34-18-951_Visible.jpg',)","('rep1_RGB_GH1Test2_14dat_AMARE_Control_Angle_180_2022-02-10_09-47-11-266_Visible.jpg',)",0.0,23.842731475830078
"('rep2_RGB_GH1Test2_14dat_AMARE_Pinoxaden_Bottom_Angle_60_2022-02-10_09-34-18-951_Visible.jpg',)","('rep1_RGB_GH1Test2_14dat_AMARE_Control_Angle_240_2022-02-10_09-49-13-495_Visible.jpg',)",0.0,31.183334350585938
"('rep2_RGB_GH1Test2_14dat_AMARE_Pinoxaden_Bottom_Angle_60_2022-02-10_09-34-18-951_Visible.jpg',)","('rep1_RGB_GH1Test2_14dat_AMARE_Control_Top_0_2022-02-10_09-48-22-432_Visible.jpg',)",0.0,22.22661590576172
"('rep3_RGB_GH1Test2_14dat_AMARE_Atrazine_Bottom_Angle_60_2022-02-10_09-21-13-154_Visible.jpg',)","('rep3_RGB_GH1Test2_14dat_AMARE_Control_Angle_0_2022-02-10_09-46-35-148_Visible.jpg',)",60.0,70.21558380126953
"('rep3_RGB_GH1Test2_14dat_AMARE_Atrazine_Bottom_Angle_60_2022-02-10_09-21-13-154_Visible.jpg',)","('rep1_RGB_GH1Test2_14dat_AMARE_Control_Top_0_2022-02-10_09-48-22-432_Visible.jpg',)",60.0,75.39208221435547
"('rep3_RGB_GH1Test2_14dat_AMARE_Atrazine_Bottom_Angle_60_2022-02-10_09-21-13-154_Visible.jpg',)","('rep4_RGB_GH1Test2_14dat_AMARE_Control_Angle_180_2022-02-10_09-49-01-347_Visible.jpg',)",60.0,69.85891723632812
"('rep3_RGB_GH1Test2_14dat_AMARE_Atrazine_Bottom_Angle_60_2022-02-10_09-21-13-154_Visible.jpg',)","('rep4_RGB_GH1Test2_14dat_AMARE_Control_Angle_60_2022-02-10_09-44-11-905_Visible.jpg',)",60.0,99.05512237548828
"('rep3_RGB_GH1Test2_14dat_AMARE_Atrazine_Bottom_Angle_60_2022-02-10_09-21-13-154_Visible.jpg',)","('rep1_RGB_GH1Test2_14dat_AMARE_Control_Angle_180_2022-02-10_09-49-01-347_Visible.jpg',)",60.0,74.79402923583984
"('rep3_RGB_GH1Test2_14dat_AMARE_Atrazine_Bottom_Angle_60_2022-02-10_09-21-13-154_Visible.jpg',)","('rep4_RGB_GH1Test2_14dat_AMARE_Control_Angle_60_2022-02-10_09-46-47-099_Visible.jpg',)",60.0,74.4988784790039
"('rep3_RGB_GH1Test2_14dat_AMARE_Atrazine_Bottom_Angle_60_2022-02-10_09-21-13-154_Visible.jpg',)","('rep1_RGB_GH1Test2_14dat_AMARE_Control_Top_0_2022-02-10_09-46-32-237_Visible.jpg',)",60.0,72.12112426757812
"('rep3_RGB_GH1Test2_14dat_AMARE_Atrazine_Bottom_Angle_60_2022-02-10_09-21-13-154_Visible.jpg',)","('rep4_RGB_GH1Test2_14dat_AMARE_Control_Top_0_2022-02-10_09-46-32-237_Visible.jpg',)",60.0,81.01885223388672
"('rep3_RGB_GH1Test2_14dat_AMARE_Atrazine_Bottom_Angle_60_2022-02-10_09-21-13-154_Visible.jpg',)","('rep1_RGB_GH1Test2_14dat_AMARE_Control_Top_0_2022-02-10_09-43-57-062_Visible.jpg',)",60.0,69.57328033447266
"('rep3_RGB_GH1Test2_14dat_AMARE_Atrazine_Bottom_Angle_60_2022-02-10_09-21-13-154_Visible.jpg',)","('rep3_RGB_GH1Test2_14dat_AMARE_Control_Top_0_2022-02-10_09-46-32-237_Visible.jpg',)",60.0,75.17350769042969
"('rep3_RGB_GH1Test2_14dat_AMARE_Atrazine_Bottom_Angle_60_2022-02-10_09-21-13-154_Visible.jpg',)","('rep2_RGB_GH1Test2_14dat_AMARE_Control_Angle_120_2022-02-10_09-48-49-271_Visible.jpg',)",60.0,74.99615478515625
"('rep3_RGB_GH1Test2_14dat_AMARE_Atrazine_Bottom_Angle_60_2022-02-10_09-21-13-154_Visible.jpg',)","('rep2_RGB_GH1Test2_14dat_AMARE_Control_Angle_0_2022-02-10_09-43-59-975_Visible.jpg',)",60.0,75.34242248535156
"('rep3_RGB_GH1Test2_14dat_AMARE_Atrazine_Bottom_Angle_60_2022-02-10_09-21-13-154_Visible.jpg',)","('rep1_RGB_GH1Test2_14dat_AMARE_Control_Angle_240_2022-02-10_09-42-58-244_Visible.jpg',)",60.0,71.2112045288086
"('rep3_RGB_GH1Test2_14dat_AMARE_Atrazine_Bottom_Angle_60_2022-02-10_09-21-13-154_Visible.jpg',)","('rep3_RGB_GH1Test2_14dat_AMARE_Control_Top_0_2022-02-10_09-48-22-432_Visible.jpg',)",60.0,69.34164428710938
"('rep3_RGB_GH1Test2_14dat_AMARE_Atrazine_Bottom_Angle_60_2022-02-10_09-21-13-154_Visible.jpg',)","('rep3_RGB_GH1Test2_14dat_AMARE_Control_Top_0_2022-02-10_09-43-57-062_Visible.jpg',)",60.0,73.03124237060547
"('rep3_RGB_GH1Test2_14dat_AMARE_Atrazine_Bottom_Angle_60_2022-02-10_09-21-13-154_Visible.jpg',)","('rep2_RGB_GH1Test2_14dat_AMARE_Control_Top_0_2022-02-10_09-48-22-432_Visible.jpg',)",60.0,71.68907928466797
"('rep3_RGB_GH1Test2_14dat_AMARE_Atrazine_Bottom_Angle_60_2022-02-10_09-21-13-154_Visible.jpg',)","('rep4_RGB_GH1Test2_14dat_AMARE_Control_Angle_120_2022-02-10_09-42-34-390_Visible.jpg',)",60.0,71.39391326904297
"('rep3_RGB_GH1Test2_14dat_AMARE_Atrazine_Bottom_Angle_60_2022-02-10_09-21-13-154_Visible.jpg',)","('rep3_RGB_GH1Test2_14dat_AMARE_Control_Angle_60_2022-02-10_09-42-22-413_Visible.jpg',)",60.0,74.03129577636719
"('rep3_RGB_GH1Test2_14dat_AMARE_Atrazine_Bottom_Angle_60_2022-02-10_09-21-13-154_Visible.jpg',)","('rep2_RGB_GH1Test2_14dat_AMARE_Control_Angle_240_2022-02-10_09-47-23-284_Visible.jpg',)",60.0,72.52986145019531
"('rep3_RGB_GH1Test2_14dat_AMARE_Atrazine_Bottom_Angle_60_2022-02-10_09-21-13-154_Visible.jpg',)","('rep4_RGB_GH1Test2_14dat_AMARE_Control_Angle_300_2022-02-10_09-43-10-215_Visible.jpg',)",60.0,75.36553955078125
"('rep3_RGB_GH1Test2_14dat_AMARE_Atrazine_Bottom_Angle_60_2022-02-10_09-21-13-154_Visible.jpg',)","('rep1_RGB_GH1Test2_14dat_AMARE_Control_Top_0_2022-02-10_09-42-07-470_Visible.jpg',)",60.0,71.04998779296875
"('rep3_RGB_GH1Test2_14dat_AMARE_Atrazine_Top_Angle_240_2022-02-10_09-19-40-566_Visible.jpg',)","('rep4_RGB_GH1Test2_14dat_AMARE_Control_Angle_60_2022-02-10_09-42-22-413_Visible.jpg',)",100.0,100.0
"('rep3_RGB_GH1Test2_14dat_AMARE_Atrazine_Top_Angle_240_2022-02-10_09-19-40-566_Visible.jpg',)","('rep3_RGB_GH1Test2_14dat_AMARE_Control_Angle_300_2022-02-10_09-43-10-215_Visible.jpg',)",100.0,100.0
"('rep3_RGB_GH1Test2_14dat_AMARE_Atrazine_Top_Angle_240_2022-02-10_09-19-40-566_Visible.jpg',)","('rep4_RGB_GH1Test2_14dat_AMARE_Control_Angle_120_2022-02-10_09-46-59-176_Visible.jpg',)",100.0,100.0
"('rep3_RGB_GH1Test2_14dat_AMARE_Atrazine_Top_Angle_240_2022-02-10_09-19-40-566_Visible.jpg',)","('rep1_RGB_GH1Test2_14dat_AMARE_Control_Angle_0_2022-02-10_09-46-35-148_Visible.jpg',)",100.0,100.0
"('rep3_RGB_GH1Test2_14dat_AMARE_Atrazine_Top_Angle_240_2022-02-10_09-19-40-566_Visible.jpg',)","('rep3_RGB_GH1Test2_14dat_AMARE_Control_Top_0_2022-02-10_09-42-07-470_Visible.jpg',)",100.0,100.0
"('rep3_RGB_GH1Test2_14dat_AMARE_Atrazine_Top_Angle_240_2022-02-10_09-19-40-566_Visible.jpg',)","('rep2_RGB_GH1Test2_14dat_AMARE_Control_Top_0_2022-02-10_09-46-32-237_Visible.jpg',)",100.0,100.0
"('rep3_RGB_GH1Test2_14dat_AMARE_Atrazine_Top_Angle_240_2022-02-10_09-19-40-566_Visible.jpg',)","('rep2_RGB_GH1Test2_14dat_AMARE_Control_Top_0_2022-02-10_09-43-57-062_Visible.jpg',)",100.0,100.0
"('rep3_RGB_GH1Test2_14dat_AMARE_Atrazine_Top_Angle_240_2022-02-10_09-19-40-566_Visible.jpg',)","('rep2_RGB_GH1Test2_14dat_AMARE_Control_Angle_0_2022-02-10_09-46-35-148_Visible.jpg',)",100.0,100.0
"('rep3_RGB_GH1Test2_14dat_AMARE_Atrazine_Top_Angle_240_2022-02-10_09-19-40-566_Visible.jpg',)","('rep1_RGB_GH1Test2_14dat_AMARE_Control_Angle_240_2022-02-10_09-49-13-495_Visible.jpg',)",100.0,100.0
"('rep3_RGB_GH1Test2_14dat_AMARE_Atrazine_Top_Angle_240_2022-02-10_09-19-40-566_Visible.jpg',)","('rep2_RGB_GH1Test2_14dat_AMARE_Control_Angle_60_2022-02-10_09-44-11-905_Visible.jpg',)",100.0,100.0
"('rep3_RGB_GH1Test2_14dat_AMARE_Atrazine_Top_Angle_240_2022-02-10_09-19-40-566_Visible.jpg',)","('rep2_RGB_GH1Test2_14dat_AMARE_Control_Angle_300_2022-02-10_09-49-25-576_Visible.jpg',)",100.0,100.0
"('rep3_RGB_GH1Test2_14dat_AMARE_Atrazine_Top_Angle_240_2022-02-10_09-19-40-566_Visible.jpg',)","('rep4_RGB_GH1Test2_14dat_AMARE_Control_Top_0_2022-02-10_09-42-07-470_Visible.jpg',)",100.0,100.0
"('rep3_RGB_GH1Test2_14dat_AMARE_Atrazine_Top_Angle_240_2022-02-10_09-19-40-566_Visible.jpg',)","('rep4_RGB_GH1Test2_14dat_AMARE_Control_Top_0_2022-02-10_09-43-57-062_Visible.jpg',)",100.0,100.0
"('rep3_RGB_GH1Test2_14dat_AMARE_Atrazine_Top_Angle_240_2022-02-10_09-19-40-566_Visible.jpg',)","('rep3_RGB_GH1Test2_14dat_AMARE_Control_Top_0_2022-02-10_09-48-22-432_Visible.jpg',)",100.0,100.0
"('rep3_RGB_GH1Test2_14dat_AMARE_Dicamba_Bottom_Top_0_2022-02-10_09-29-48-121_Visible.jpg',)","('rep4_RGB_GH1Test2_14dat_AMARE_Control_Angle_60_2022-02-10_09-48-37-220_Visible.jpg',)",75.0,84.43351745605469
"('rep3_RGB_GH1Test2_14dat_AMARE_Dicamba_Bottom_Top_0_2022-02-10_09-29-48-121_Visible.jpg',)","('rep2_RGB_GH1Test2_14dat_AMARE_Control_Top_0_2022-02-10_09-42-07-470_Visible.jpg',)",75.0,98.40240478515625
"('rep3_RGB_GH1Test2_14dat_AMARE_Dicamba_Bottom_Top_0_2022-02-10_09-29-48-121_Visible.jpg',)","('rep4_RGB_GH1Test2_14dat_AMARE_Control_Top_0_2022-02-10_09-43-57-062_Visible.jpg',)",75.0,99.91273498535156
"('rep3_RGB_GH1Test2_14dat_AMARE_Dicamba_Bottom_Top_0_2022-02-10_09-29-48-121_Visible.jpg',)","('rep3_RGB_GH1Test2_14dat_AMARE_Control_Top_0_2022-02-10_09-48-22-432_Visible.jpg',)",75.0,99.44898223876953
"('rep3_RGB_GH1Test2_14dat_AMARE_Dicamba_Bottom_Top_0_2022-02-10_09-29-48-121_Visible.jpg',)","('rep2_RGB_GH1Test2_14dat_AMARE_Control_Angle_120_2022-02-10_09-44-23-954_Visible.jpg',)",75.0,95.74372863769531
"('rep3_RGB_GH1Test2_14dat_AMARE_Dicamba_Bottom_Top_0_2022-02-10_09-29-48-121_Visible.jpg',)","('rep2_RGB_GH1Test2_14dat_AMARE_Control_Angle_240_2022-02-10_09-49-13-495_Visible.jpg',)",75.0,99.03137969970703
"('rep3_RGB_GH1Test2_14dat_AMARE_Dicamba_Bottom_Top_0_2022-02-10_09-29-48-121_Visible.jpg',)","('rep2_RGB_GH1Test2_14dat_AMARE_Control_Angle_120_2022-02-10_09-46-59-176_Visible.jpg',)",75.0,98.26350402832031
"('rep3_RGB_GH1Test2_14dat_AMARE_Dicamba_Bottom_Top_0_2022-02-10_09-29-48-121_Visible.jpg',)","('rep2_RGB_GH1Test2_14dat_AMARE_Control_Angle_180_2022-02-10_09-42-46-362_Visible.jpg',)",75.0,97.65097045898438
"('rep3_RGB_GH1Test2_14dat_AMARE_Dicamba_Bottom_Top_0_2022-02-10_09-29-48-121_Visible.jpg',)","('rep1_RGB_GH1Test2_14dat_AMARE_Control_Top_0_2022-02-10_09-42-07-470_Visible.jpg',)",75.0,98.58270263671875
"('rep3_RGB_GH1Test2_14dat_AMARE_Dicamba_Bottom_Top_0_2022-02-10_09-29-48-121_Visible.jpg',)","('rep1_RGB_GH1Test2_14dat_AMARE_Control_Top_0_2022-02-10_09-43-57-062_Visible.jpg',)",75.0,97.34658813476562
"('rep3_RGB_GH1Test2_14dat_AMARE_Dicamba_Bottom_Top_0_2022-02-10_09-29-48-121_Visible.jpg',)","('rep1_RGB_GH1Test2_14dat_AMARE_Control_Angle_60_2022-02-10_09-44-11-905_Visible.jpg',)",75.0,98.31070709228516
"('rep3_RGB_GH1Test2_14dat_AMARE_Dicamba_Bottom_Top_0_2022-02-10_09-29-48-121_Visible.jpg',)","('rep1_RGB_GH1Test2_14dat_AMARE_Control_Angle_180_2022-02-10_09-42-46-362_Visible.jpg',)",75.0,99.489501953125
"('rep3_RGB_GH1Test2_14dat_AMARE_Dicamba_Bottom_Top_0_2022-02-10_09-29-48-121_Visible.jpg',)","('rep2_RGB_GH1Test2_14dat_AMARE_Control_Angle_0_2022-02-10_09-42-10-411_Visible.jpg',)",75.0,99.55355072021484
"('rep3_RGB_GH1Test2_14dat_AMARE_Dicamba_Bottom_Top_0_2022-02-10_09-29-48-121_Visible.jpg',)","('rep3_RGB_GH1Test2_14dat_AMARE_Control_Top_0_2022-02-10_09-48-22-432_Visible.jpg',)",75.0,99.7090072631836
"('rep3_RGB_GH1Test2_14dat_AMARE_Dicamba_Bottom_Top_0_2022-02-10_09-29-48-121_Visible.jpg',)","('rep3_RGB_GH1Test2_14dat_AMARE_Control_Top_0_2022-02-10_09-48-22-432_Visible.jpg',)",75.0,95.83600616455078
"('rep3_RGB_GH1Test2_14dat_AMARE_Dicamba_Bottom_Top_0_2022-02-10_09-29-48-121_Visible.jpg',)","('rep3_RGB_GH1Test2_14dat_AMARE_Control_Angle_0_2022-02-10_09-48-25-306_Visible.jpg',)",75.0,99.41132354736328
"('rep3_RGB_GH1Test2_14dat_AMARE_Dicamba_Bottom_Top_0_2022-02-10_09-29-48-121_Visible.jpg',)","('rep4_RGB_GH1Test2_14dat_AMARE_Control_Angle_240_2022-02-10_09-42-58-244_Visible.jpg',)",75.0,97.51375579833984
"('rep3_RGB_GH1Test2_14dat_AMARE_Dicamba_Bottom_Top_0_2022-02-10_09-29-48-121_Visible.jpg',)","('rep1_RGB_GH1Test2_14dat_AMARE_Control_Angle_60_2022-02-10_09-42-22-413_Visible.jpg',)",75.0,99.49871063232422
"('rep3_RGB_GH1Test2_14dat_AMARE_Dicamba_Bottom_Top_0_2022-02-10_09-29-48-121_Visible.jpg',)","('rep3_RGB_GH1Test2_14dat_AMARE_Control_Angle_120_2022-02-10_09-46-59-176_Visible.jpg',)",75.0,98.10743713378906
"('rep3_RGB_GH1Test2_14dat_AMARE_Dicamba_Bottom_Top_0_2022-02-10_09-29-48-121_Visible.jpg',)","('rep2_RGB_GH1Test2_14dat_AMARE_Control_Top_0_2022-02-10_09-43-57-062_Visible.jpg',)",75.0,77.86042022705078
"('rep3_RGB_GH1Test2_14dat_AMARE_Dicamba_Bottom_Top_0_2022-02-10_09-29-48-121_Visible.jpg',)","('rep1_RGB_GH1Test2_14dat_AMARE_Control_Top_0_2022-02-10_09-46-32-237_Visible.jpg',)",75.0,98.24877166748047
"('rep3_RGB_GH1Test2_14dat_AMARE_Mesotrione_Top_Angle_240_2022-02-10_09-14-59-456_Visible.jpg',)","('rep3_RGB_GH1Test2_14dat_AMARE_Control_Angle_60_2022-02-10_09-42-22-413_Visible.jpg',)",100.0,100.0
"('rep3_RGB_GH1Test2_14dat_AMARE_Mesotrione_Top_Angle_240_2022-02-10_09-14-59-456_Visible.jpg',)","('rep1_RGB_GH1Test2_14dat_AMARE_Control_Top_0_2022-02-10_09-48-22-432_Visible.jpg',)",100.0,100.0
"('rep3_RGB_GH1Test2_14dat_AMARE_Mesotrione_Top_Angle_240_2022-02-10_09-14-59-456_Visible.jpg',)","('rep4_RGB_GH1Test2_14dat_AMARE_Control_Angle_180_2022-02-10_09-49-01-347_Visible.jpg',)",100.0,100.0
"('rep3_RGB_GH1Test2_14dat_AMARE_Mesotrione_Top_Angle_240_2022-02-10_09-14-59-456_Visible.jpg',)","('rep3_RGB_GH1Test2_14dat_AMARE_Control_Angle_240_2022-02-10_09-47-23-284_Visible.jpg',)",100.0,100.0
"('rep3_RGB_GH1Test2_14dat_AMARE_Mesotrione_Top_Angle_240_2022-02-10_09-14-59-456_Visible.jpg',)","('rep1_RGB_GH1Test2_14dat_AMARE_Control_Angle_300_2022-02-10_09-49-25-576_Visible.jpg',)",100.0,100.0
"('rep3_RGB_GH1Test2_14dat_AMARE_Mesotrione_Top_Angle_240_2022-02-10_09-14-59-456_Visible.jpg',)","('rep2_RGB_GH1Test2_14dat_AMARE_Control_Angle_0_2022-02-10_09-48-25-306_Visible.jpg',)",100.0,100.0
"('rep3_RGB_GH1Test2_14dat_AMARE_Mesotrione_Top_Angle_240_2022-02-10_09-14-59-456_Visible.jpg',)","('rep1_RGB_GH1Test2_14dat_AMARE_Control_Top_0_2022-02-10_09-43-57-062_Visible.jpg',)",100.0,100.0
"('rep3_RGB_GH1Test2_14dat_AMARE_Mesotrione_Top_Angle_240_2022-02-10_09-14-59-456_Visible.jpg',)","('rep3_RGB_GH1Test2_14dat_AMARE_Control_Top_0_2022-02-10_09-48-22-432_Visible.jpg',)",100.0,100.0
"('rep3_RGB_GH1Test2_14dat_AMARE_Mesotrione_Top_Angle_240_2022-02-10_09-14-59-456_Visible.jpg',)","('rep3_RGB_GH1Test2_14dat_AMARE_Control_Top_0_2022-02-10_09-46-32-237_Visible.jpg',)",100.0,100.0
"('rep3_RGB_GH1Test2_14dat_AMARE_Mesotrione_Top_Angle_240_2022-02-10_09-14-59-456_Visible.jpg',)","('rep3_RGB_GH1Test2_14dat_AMARE_Control_Top_0_2022-02-10_09-42-07-470_Visible.jpg',)",100.0,100.0
"('rep3_RGB_GH1Test2_14dat_AMARE_Mesotrione_Top_Angle_240_2022-02-10_09-14-59-456_Visible.jpg',)","('rep3_RGB_GH1Test2_14dat_AMARE_Control_Angle_60_2022-02-10_09-46-47-099_Visible.jpg',)",100.0,100.0
"('rep3_RGB_GH1Test2_14dat_AMARE_Mesotrione_Top_Angle_240_2022-02-10_09-14-59-456_Visible.jpg',)","('rep3_RGB_GH1Test2_14dat_AMARE_Control_Angle_120_2022-02-10_09-44-23-954_Visible.jpg',)",100.0,100.0
"('rep3_RGB_GH1Test2_14dat_AMARE_Mesotrione_Top_Angle_240_2022-02-10_09-14-59-456_Visible.jpg',)","('rep4_RGB_GH1Test2_14dat_AMARE_Control_Angle_300_2022-02-10_09-47-35-239_Visible.jpg',)",100.0,100.0
"('rep3_RGB_GH1Test2_14dat_AMARE_Mesotrione_Top_Angle_240_2022-02-10_09-14-59-456_Visible.jpg',)","('rep4_RGB_GH1Test2_14dat_AMARE_Control_Top_0_2022-02-10_09-42-07-470_Visible.jpg',)",100.0,100.0
"('rep3_RGB_GH1Test2_14dat_AMARE_Mesotrione_Top_Angle_240_2022-02-10_09-14-59-456_Visible.jpg',)","('rep1_RGB_GH1Test2_14dat_AMARE_Control_Top_0_2022-02-10_09-46-32-237_Visible.jpg',)",100.0,100.0
"('rep3_RGB_GH1Test2_14dat_AMARE_Mesotrione_Top_Angle_240_2022-02-10_09-14-59-456_Visible.jpg',)","('rep1_RGB_GH1Test2_14dat_AMARE_Control_Top_0_2022-02-10_09-43-57-062_Visible.jpg',)",100.0,100.0
"('rep3_RGB_GH1Test2_14dat_AMARE_Mesotrione_Top_Angle_240_2022-02-10_09-14-59-456_Visible.jpg',)","('rep2_RGB_GH1Test2_14dat_AMARE_Control_Angle_240_2022-02-10_09-42-58-244_Visible.jpg',)",100.0,100.0
"('rep3_RGB_GH1Test2_14dat_AMARE_Mesotrione_Top_Angle_240_2022-02-10_09-14-59-456_Visible.jpg',)","('rep1_RGB_GH1Test2_14dat_AMARE_Control_Angle_300_2022-02-10_09-47-35-239_Visible.jpg',)",100.0,100.0
"('rep3_RGB_GH1Test2_14dat_AMARE_Mesotrione_Top_Angle_240_2022-02-10_09-14-59-456_Visible.jpg',)","('rep2_RGB_GH1Test2_14dat_AMARE_Control_Angle_300_2022-02-10_09-49-25-576_Visible.jpg',)",100.0,100.0
"('rep3_RGB_GH1Test2_14dat_AMARE_Mesotrione_Top_Angle_240_2022-02-10_09-14-59-456_Visible.jpg',)","('rep1_RGB_GH1Test2_14dat_AMARE_Control_Angle_120_2022-02-10_09-42-34-390_Visible.jpg',)",100.0,100.0
"('rep3_RGB_GH1Test2_14dat_AMARE_Mesotrione_Top_Angle_240_2022-02-10_09-14-59-456_Visible.jpg',)","('rep1_RGB_GH1Test2_14dat_AMARE_Control_Top_0_2022-02-10_09-42-07-470_Visible.jpg',)",100.0,100.0
"('rep3_RGB_GH1Test2_14dat_AMARE_PAGAN_Bottom_Angle_0_2022-02-10_09-25-31-000_Visible.jpg',)","('rep4_RGB_GH1Test2_14dat_AMARE_Control_Top_0_2022-02-10_09-42-07-470_Visible.jpg',)",25.0,46.22273635864258
"('rep3_RGB_GH1Test2_14dat_AMARE_PAGAN_Bottom_Angle_0_2022-02-10_09-25-31-000_Visible.jpg',)","('rep2_RGB_GH1Test2_14dat_AMARE_Control_Top_0_2022-02-10_09-43-57-062_Visible.jpg',)",25.0,54.9651985168457
"('rep3_RGB_GH1Test2_14dat_AMARE_PAGAN_Bottom_Angle_0_2022-02-10_09-25-31-000_Visible.jpg',)","('rep4_RGB_GH1Test2_14dat_AMARE_Control_Angle_300_2022-02-10_09-43-10-215_Visible.jpg',)",25.0,38.30801010131836
"('rep3_RGB_GH1Test2_14dat_AMARE_PAGAN_Bottom_Angle_0_2022-02-10_09-25-31-000_Visible.jpg',)","('rep3_RGB_GH1Test2_14dat_AMARE_Control_Angle_60_2022-02-10_09-42-22-413_Visible.jpg',)",25.0,52.516395568847656
"('rep3_RGB_GH1Test2_14dat_AMARE_PAGAN_Bottom_Angle_0_2022-02-10_09-25-31-000_Visible.jpg',)","('rep1_RGB_GH1Test2_14dat_AMARE_Control_Angle_0_2022-02-10_09-42-10-411_Visible.jpg',)",25.0,39.59935760498047
"('rep3_RGB_GH1Test2_14dat_AMARE_PAGAN_Bottom_Angle_0_2022-02-10_09-25-31-000_Visible.jpg',)","('rep4_RGB_GH1Test2_14dat_AMARE_Control_Angle_300_2022-02-10_09-47-35-239_Visible.jpg',)",25.0,46.733970642089844
"('rep3_RGB_GH1Test2_14dat_AMARE_PAGAN_Bottom_Angle_0_2022-02-10_09-25-31-000_Visible.jpg',)","('rep3_RGB_GH1Test2_14dat_AMARE_Control_Top_0_2022-02-10_09-42-07-470_Visible.jpg',)",25.0,51.83638381958008
"('rep3_RGB_GH1Test2_14dat_AMARE_PAGAN_Bottom_Angle_0_2022-02-10_09-25-31-000_Visible.jpg',)","('rep3_RGB_GH1Test2_14dat_AMARE_Control_Top_0_2022-02-10_09-43-57-062_Visible.jpg',)",45.0,50.57673645019531
"('rep3_RGB_GH1Test2_14dat_AMARE_PAGAN_Bottom_Angle_0_2022-02-10_09-25-31-000_Visible.jpg',)","('rep4_RGB_GH1Test2_14dat_AMARE_Control_Top_0_2022-02-10_09-42-07-470_Visible.jpg',)",45.0,54.46762466430664
"('rep3_RGB_GH1Test2_14dat_AMARE_PAGAN_Bottom_Angle_0_2022-02-10_09-25-31-000_Visible.jpg',)","('rep1_RGB_GH1Test2_14dat_AMARE_Control_Top_0_2022-02-10_09-43-57-062_Visible.jpg',)",45.0,55.305145263671875
"('rep3_RGB_GH1Test2_14dat_AMARE_PAGAN_Bottom_Angle_0_2022-02-10_09-25-31-000_Visible.jpg',)","('rep3_RGB_GH1Test2_14dat_AMARE_Control_Angle_300_2022-02-10_09-49-25-576_Visible.jpg',)",50.0,56.17488098144531
"('rep3_RGB_GH1Test2_14dat_AMARE_PAGAN_Bottom_Angle_0_2022-02-10_09-25-31-000_Visible.jpg',)","('rep2_RGB_GH1Test2_14dat_AMARE_Control_Angle_60_2022-02-10_09-48-37-220_Visible.jpg',)",45.0,50.226654052734375
"('rep3_RGB_GH1Test2_14dat_AMARE_PAGAN_Bottom_Angle_0_2022-02-10_09-25-31-000_Visible.jpg',)","('rep4_RGB_GH1Test2_14dat_AMARE_Control_Angle_60_2022-02-10_09-46-47-099_Visible.jpg',)",45.0,48.92142868041992
"('rep3_RGB_GH1Test2_14dat_AMARE_PAGAN_Bottom_Angle_0_2022-02-10_09-25-31-000_Visible.jpg',)","('rep2_RGB_GH1Test2_14dat_AMARE_Control_Top_0_2022-02-10_09-42-07-470_Visible.jpg',)",50.0,51.29896545410156
"('rep3_RGB_GH1Test2_14dat_AMARE_PAGAN_Bottom_Angle_0_2022-02-10_09-25-31-000_Visible.jpg',)","('rep1_RGB_GH1Test2_14dat_AMARE_Control_Top_0_2022-02-10_09-42-07-470_Visible.jpg',)",50.0,50.1601448059082
"('rep3_RGB_GH1Test2_14dat_AMARE_PAGAN_Bottom_Angle_0_2022-02-10_09-25-31-000_Visible.jpg',)","('rep4_RGB_GH1Test2_14dat_AMARE_Control_Top_0_2022-02-10_09-43-57-062_Visible.jpg',)",50.0,57.27952575683594
"('rep3_RGB_GH1Test2_14dat_AMARE_PAGAN_Bottom_Angle_0_2022-02-10_09-25-31-000_Visible.jpg',)","('rep3_RGB_GH1Test2_14dat_AMARE_Control_Angle_300_2022-02-10_09-44-59-738_Visible.jpg',)",50.0,44.30446243286133
"('rep3_RGB_GH1Test2_14dat_AMARE_PAGAN_Bottom_Angle_0_2022-02-10_09-25-31-000_Visible.jpg',)","('rep1_RGB_GH1Test2_14dat_AMARE_Control_Angle_60_2022-02-10_09-48-37-220_Visible.jpg',)",50.0,51.99427795410156
"('rep3_RGB_GH1Test2_14dat_AMARE_PAGAN_Bottom_Angle_0_2022-02-10_09-25-31-000_Visible.jpg',)","('rep4_RGB_GH1Test2_14dat_AMARE_Control_Angle_240_2022-02-10_09-49-13-495_Visible.jpg',)",50.0,54.79393768310547
"('rep3_RGB_GH1Test2_14dat_AMARE_PAGAN_Bottom_Angle_0_2022-02-10_09-25-31-000_Visible.jpg',)","('rep4_RGB_GH1Test2_14dat_AMARE_Control_Angle_120_2022-02-10_09-42-34-390_Visible.jpg',)",45.0,49.1871223449707
"('rep3_RGB_GH1Test2_14dat_AMARE_PAGAN_Bottom_Angle_0_2022-02-10_09-25-31-000_Visible.jpg',)","('rep4_RGB_GH1Test2_14dat_AMARE_Control_Angle_0_2022-02-10_09-48-25-306_Visible.jpg',)",45.0,46.686920166015625
"('rep3_RGB_GH1Test2_14dat_AMARE_Pinoxaden_Bottom_Angle_300_2022-02-10_09-35-06-594_Visible.jpg',)","('rep3_RGB_GH1Test2_14dat_AMARE_Control_Angle_240_2022-02-10_09-44-47-763_Visible.jpg',)",5.0,42.71527099609375
"('rep3_RGB_GH1Test2_14dat_AMARE_Pinoxaden_Bottom_Angle_300_2022-02-10_09-35-06-594_Visible.jpg',)","('rep4_RGB_GH1Test2_14dat_AMARE_Control_Top_0_2022-02-10_09-42-07-470_Visible.jpg',)",0.0,26.061630249023438
"('rep3_RGB_GH1Test2_14dat_AMARE_Pinoxaden_Bottom_Angle_300_2022-02-10_09-35-06-594_Visible.jpg',)","('rep2_RGB_GH1Test2_14dat_AMARE_Control_Top_0_2022-02-10_09-43-57-062_Visible.jpg',)",0.0,29.591487884521484
"('rep3_RGB_GH1Test2_14dat_AMARE_Pinoxaden_Bottom_Angle_300_2022-02-10_09-35-06-594_Visible.jpg',)","('rep1_RGB_GH1Test2_14dat_AMARE_Control_Top_0_2022-02-10_09-42-07-470_Visible.jpg',)",0.0,23.589797973632812
"('rep3_RGB_GH1Test2_14dat_AMARE_Pinoxaden_Bottom_Angle_300_2022-02-10_09-35-06-594_Visible.jpg',)","('rep3_RGB_GH1Test2_14dat_AMARE_Control_Angle_60_2022-02-10_09-42-22-413_Visible.jpg',)",0.0,40.377010345458984
"('rep3_RGB_GH1Test2_14dat_AMARE_Pinoxaden_Bottom_Angle_300_2022-02-10_09-35-06-594_Visible.jpg',)","('rep2_RGB_GH1Test2_14dat_AMARE_Control_Angle_300_2022-02-10_09-43-10-215_Visible.jpg',)",0.0,26.89366912841797
"('rep3_RGB_GH1Test2_14dat_AMARE_Pinoxaden_Bottom_Angle_300_2022-02-10_09-35-06-594_Visible.jpg',)","('rep3_RGB_GH1Test2_14dat_AMARE_Control_Angle_60_2022-02-10_09-48-37-220_Visible.jpg',)",0.0,27.501323699951172
"('rep3_RGB_GH1Test2_14dat_AMARE_Pinoxaden_Bottom_Angle_300_2022-02-10_09-35-06-594_Visible.jpg',)","('rep4_RGB_GH1Test2_14dat_AMARE_Control_Angle_120_2022-02-10_09-48-49-271_Visible.jpg',)",0.0,25.39020538330078
"('rep3_RGB_GH1Test2_14dat_AMARE_Pinoxaden_Bottom_Angle_300_2022-02-10_09-35-06-594_Visible.jpg',)","('rep4_RGB_GH1Test2_14dat_AMARE_Control_Top_0_2022-02-10_09-42-07-470_Visible.jpg',)",5.0,21.442209243774414
"('rep3_RGB_GH1Test2_14dat_AMARE_Pinoxaden_Bottom_Angle_300_2022-02-10_09-35-06-594_Visible.jpg',)","('rep1_RGB_GH1Test2_14dat_AMARE_Control_Top_0_2022-02-10_09-42-07-470_Visible.jpg',)",5.0,69.4863510131836
"('rep3_RGB_GH1Test2_14dat_AMARE_Pinoxaden_Bottom_Angle_300_2022-02-10_09-35-06-594_Visible.jpg',)","('rep4_RGB_GH1Test2_14dat_AMARE_Control_Angle_300_2022-02-10_09-47-35-239_Visible.jpg',)",5.0,30.188011169433594
"('rep3_RGB_GH1Test2_14dat_AMARE_Pinoxaden_Bottom_Angle_300_2022-02-10_09-35-06-594_Visible.jpg',)","('rep4_RGB_GH1Test2_14dat_AMARE_Control_Angle_120_2022-02-10_09-46-59-176_Visible.jpg',)",5.0,37.438053131103516
"('rep3_RGB_GH1Test2_14dat_AMARE_Pinoxaden_Bottom_Angle_300_2022-02-10_09-35-06-594_Visible.jpg',)","('rep1_RGB_GH1Test2_14dat_AMARE_Control_Angle_180_2022-02-10_09-47-11-266_Visible.jpg',)",5.0,32.7167854309082
"('rep3_RGB_GH1Test2_14dat_AMARE_Pinoxaden_Bottom_Angle_300_2022-02-10_09-35-06-594_Visible.jpg',)","('rep3_RGB_GH1Test2_14dat_AMARE_Control_Top_0_2022-02-10_09-48-22-432_Visible.jpg',)",5.0,45.44087219238281
"('rep3_RGB_GH1Test2_14dat_AMARE_Pinoxaden_Bottom_Angle_300_2022-02-10_09-35-06-594_Visible.jpg',)","('rep4_RGB_GH1Test2_14dat_AMARE_Control_Top_0_2022-02-10_09-48-22-432_Visible.jpg',)",30.0,22.98847198486328
"('rep3_RGB_GH1Test2_14dat_AMARE_Pinoxaden_Bottom_Angle_300_2022-02-10_09-35-06-594_Visible.jpg',)","('rep1_RGB_GH1Test2_14dat_AMARE_Control_Angle_60_2022-02-10_09-48-37-220_Visible.jpg',)",30.0,26.198688507080078
"('rep3_RGB_GH1Test2_14dat_AMARE_Pinoxaden_Bottom_Angle_300_2022-02-10_09-35-06-594_Visible.jpg',)","('rep2_RGB_GH1Test2_14dat_AMARE_Control_Angle_0_2022-02-10_09-48-25-306_Visible.jpg',)",30.0,23.991586685180664
"('rep3_RGB_GH1Test2_14dat_AMARE_Pinoxaden_Bottom_Angle_300_2022-02-10_09-35-06-594_Visible.jpg',)","('rep2_RGB_GH1Test2_14dat_AMARE_Control_Angle_180_2022-02-10_09-49-01-347_Visible.jpg',)",30.0,22.579486846923828
"('rep3_RGB_GH1Test2_14dat_AMARE_Pinoxaden_Bottom_Angle_300_2022-02-10_09-35-06-594_Visible.jpg',)","('rep2_RGB_GH1Test2_14dat_AMARE_Control_Angle_0_2022-02-10_09-42-10-411_Visible.jpg',)",30.0,53.74077606201172
"('rep3_RGB_GH1Test2_14dat_AMARE_Pinoxaden_Bottom_Angle_300_2022-02-10_09-35-06-594_Visible.jpg',)","('rep1_RGB_GH1Test2_14dat_AMARE_Control_Top_0_2022-02-10_09-46-32-237_Visible.jpg',)",30.0,35.715476989746094
"('rep3_RGB_GH1Test2_14dat_AMARE_Pinoxaden_Bottom_Angle_300_2022-02-10_09-35-06-594_Visible.jpg',)","('rep4_RGB_GH1Test2_14dat_AMARE_Control_Top_0_2022-02-10_09-46-32-237_Visible.jpg',)",30.0,36.79403305053711
"('rep3_RGB_GH1Test2_14dat_AMARE_Pinoxaden_Top_Angle_120_2022-02-10_09-32-26-218_Visible.jpg',)","('rep3_RGB_GH1Test2_14dat_AMARE_Control_Angle_300_2022-02-10_09-43-10-215_Visible.jpg',)",15.0,17.29661750793457
"('rep3_RGB_GH1Test2_14dat_AMARE_Pinoxaden_Top_Angle_120_2022-02-10_09-32-26-218_Visible.jpg',)","('rep4_RGB_GH1Test2_14dat_AMARE_Control_Angle_180_2022-02-10_09-47-11-266_Visible.jpg',)",15.0,14.02243709564209
"('rep3_RGB_GH1Test2_14dat_AMARE_Pinoxaden_Top_Angle_120_2022-02-10_09-32-26-218_Visible.jpg',)","('rep1_RGB_GH1Test2_14dat_AMARE_Control_Angle_0_2022-02-10_09-42-10-411_Visible.jpg',)",15.0,27.83406639099121
"('rep3_RGB_GH1Test2_14dat_AMARE_Pinoxaden_Top_Angle_120_2022-02-10_09-32-26-218_Visible.jpg',)","('rep3_RGB_GH1Test2_14dat_AMARE_Control_Angle_300_2022-02-10_09-47-35-239_Visible.jpg',)",15.0,27.638383865356445
"('rep3_RGB_GH1Test2_14dat_AMARE_Pinoxaden_Top_Angle_120_2022-02-10_09-32-26-218_Visible.jpg',)","('rep4_RGB_GH1Test2_14dat_AMARE_Control_Top_0_2022-02-10_09-46-32-237_Visible.jpg',)",15.0,18.84571075439453
"('rep3_RGB_GH1Test2_14dat_AMARE_Pinoxaden_Top_Angle_120_2022-02-10_09-32-26-218_Visible.jpg',)","('rep2_RGB_GH1Test2_14dat_AMARE_Control_Top_0_2022-02-10_09-48-22-432_Visible.jpg',)",15.0,33.43021011352539
"('rep3_RGB_GH1Test2_14dat_AMARE_Pinoxaden_Top_Angle_120_2022-02-10_09-32-26-218_Visible.jpg',)","('rep1_RGB_GH1Test2_14dat_AMARE_Control_Top_0_2022-02-10_09-46-32-237_Visible.jpg',)",15.0,16.932435989379883
"('rep3_RGB_GH1Test2_14dat_AMARE_Pinoxaden_Top_Angle_120_2022-02-10_09-32-26-218_Visible.jpg',)","('rep3_RGB_GH1Test2_14dat_AMARE_Control_Top_0_2022-02-10_09-43-57-062_Visible.jpg',)",20.0,21.817459106445312
"('rep3_RGB_GH1Test2_14dat_AMARE_Pinoxaden_Top_Angle_120_2022-02-10_09-32-26-218_Visible.jpg',)","('rep2_RGB_GH1Test2_14dat_AMARE_Control_Angle_120_2022-02-10_09-46-59-176_Visible.jpg',)",20.0,23.148696899414062
"('rep3_RGB_GH1Test2_14dat_AMARE_Pinoxaden_Top_Angle_120_2022-02-10_09-32-26-218_Visible.jpg',)","('rep2_RGB_GH1Test2_14dat_AMARE_Control_Angle_240_2022-02-10_09-42-58-244_Visible.jpg',)",20.0,33.49603271484375
"('rep3_RGB_GH1Test2_14dat_AMARE_Pinoxaden_Top_Angle_120_2022-02-10_09-32-26-218_Visible.jpg',)","('rep4_RGB_GH1Test2_14dat_AMARE_Control_Angle_0_2022-02-10_09-46-35-148_Visible.jpg',)",20.0,30.599637985229492
"('rep3_RGB_GH1Test2_14dat_AMARE_Pinoxaden_Top_Angle_120_2022-02-10_09-32-26-218_Visible.jpg',)","('rep1_RGB_GH1Test2_14dat_AMARE_Control_Angle_120_2022-02-10_09-44-23-954_Visible.jpg',)",20.0,35.17970275878906
"('rep3_RGB_GH1Test2_14dat_AMARE_Pinoxaden_Top_Angle_120_2022-02-10_09-32-26-218_Visible.jpg',)","('rep4_RGB_GH1Test2_14dat_AMARE_Control_Top_0_2022-02-10_09-42-07-470_Visible.jpg',)",25.0,27.340417861938477
"('rep3_RGB_GH1Test2_14dat_AMARE_Pinoxaden_Top_Angle_120_2022-02-10_09-32-26-218_Visible.jpg',)","('rep2_RGB_GH1Test2_14dat_AMARE_Control_Angle_120_2022-02-10_09-48-49-271_Visible.jpg',)",25.0,23.124284744262695
"('rep3_RGB_GH1Test2_14dat_AMARE_Pinoxaden_Top_Angle_120_2022-02-10_09-32-26-218_Visible.jpg',)","('rep1_RGB_GH1Test2_14dat_AMARE_Control_Top_0_2022-02-10_09-46-32-237_Visible.jpg',)",25.0,19.700496673583984
"('rep3_RGB_GH1Test2_14dat_AMARE_Pinoxaden_Top_Angle_120_2022-02-10_09-32-26-218_Visible.jpg',)","('rep2_RGB_GH1Test2_14dat_AMARE_Control_Top_0_2022-02-10_09-46-32-237_Visible.jpg',)",20.0,17.0877685546875
"('rep3_RGB_GH1Test2_14dat_AMARE_Pinoxaden_Top_Angle_120_2022-02-10_09-32-26-218_Visible.jpg',)","('rep1_RGB_GH1Test2_14dat_AMARE_Control_Angle_240_2022-02-10_09-47-23-284_Visible.jpg',)",25.0,21.972572326660156
"('rep3_RGB_GH1Test2_14dat_AMARE_Pinoxaden_Top_Angle_120_2022-02-10_09-32-26-218_Visible.jpg',)","('rep3_RGB_GH1Test2_14dat_AMARE_Control_Angle_120_2022-02-10_09-42-34-390_Visible.jpg',)",25.0,32.137245178222656
"('rep3_RGB_GH1Test2_14dat_AMARE_Pinoxaden_Top_Angle_120_2022-02-10_09-32-26-218_Visible.jpg',)","('rep2_RGB_GH1Test2_14dat_AMARE_Control_Angle_0_2022-02-10_09-43-59-975_Visible.jpg',)",25.0,16.07276153564453
"('rep3_RGB_GH1Test2_14dat_AMARE_Pinoxaden_Top_Angle_120_2022-02-10_09-32-26-218_Visible.jpg',)","('rep2_RGB_GH1Test2_14dat_AMARE_Control_Top_0_2022-02-10_09-43-57-062_Visible.jpg',)",25.0,14.828398704528809
"('rep3_RGB_GH1Test2_14dat_AMARE_Pinoxaden_Top_Angle_120_2022-02-10_09-32-26-218_Visible.jpg',)","('rep1_RGB_GH1Test2_14dat_AMARE_Control_Top_0_2022-02-10_09-46-32-237_Visible.jpg',)",20.0,20.271625518798828
"('rep4_RGB_GH1Test2_14dat_AMARE_Atrazine_Bottom_Angle_120_2022-02-10_09-21-25-091_Visible.jpg',)","('rep2_RGB_GH1Test2_14dat_AMARE_Control_Angle_240_2022-02-10_09-42-58-244_Visible.jpg',)",45.0,99.70027923583984
"('rep4_RGB_GH1Test2_14dat_AMARE_Atrazine_Bottom_Angle_120_2022-02-10_09-21-25-091_Visible.jpg',)","('rep1_RGB_GH1Test2_14dat_AMARE_Control_Top_0_2022-02-10_09-48-22-432_Visible.jpg',)",45.0,90.30531311035156
"('rep4_RGB_GH1Test2_14dat_AMARE_Atrazine_Bottom_Angle_120_2022-02-10_09-21-25-091_Visible.jpg',)","('rep4_RGB_GH1Test2_14dat_AMARE_Control_Angle_60_2022-02-10_09-48-37-220_Visible.jpg',)",45.0,68.66647338867188
"('rep4_RGB_GH1Test2_14dat_AMARE_Atrazine_Bottom_Angle_120_2022-02-10_09-21-25-091_Visible.jpg',)","('rep2_RGB_GH1Test2_14dat_AMARE_Control_Angle_120_2022-02-10_09-46-59-176_Visible.jpg',)",45.0,99.76115417480469
"('rep4_RGB_GH1Test2_14dat_AMARE_Atrazine_Bottom_Angle_120_2022-02-10_09-21-25-091_Visible.jpg',)","('rep2_RGB_GH1Test2_14dat_AMARE_Control_Angle_0_2022-02-10_09-43-59-975_Visible.jpg',)",45.0,99.6815414428711
"('rep4_RGB_GH1Test2_14dat_AMARE_Atrazine_Bottom_Angle_120_2022-02-10_09-21-25-091_Visible.jpg',)","('rep2_RGB_GH1Test2_14dat_AMARE_Control_Angle_120_2022-02-10_09-48-49-271_Visible.jpg',)",45.0,84.52165985107422
"('rep4_RGB_GH1Test2_14dat_AMARE_Atrazine_Bottom_Angle_120_2022-02-10_09-21-25-091_Visible.jpg',)","('rep2_RGB_GH1Test2_14dat_AMARE_Control_Top_0_2022-02-10_09-46-32-237_Visible.jpg',)",45.0,92.69096374511719
"('rep4_RGB_GH1Test2_14dat_AMARE_Atrazine_Bottom_Angle_120_2022-02-10_09-21-25-091_Visible.jpg',)","('rep3_RGB_GH1Test2_14dat_AMARE_Control_Top_0_2022-02-10_09-43-57-062_Visible.jpg',)",45.0,83.76168823242188
"('rep4_RGB_GH1Test2_14dat_AMARE_Atrazine_Bottom_Angle_120_2022-02-10_09-21-25-091_Visible.jpg',)","('rep1_RGB_GH1Test2_14dat_AMARE_Control_Top_0_2022-02-10_09-48-22-432_Visible.jpg',)",45.0,73.4660873413086
"('rep4_RGB_GH1Test2_14dat_AMARE_Atrazine_Bottom_Angle_120_2022-02-10_09-21-25-091_Visible.jpg',)","('rep1_RGB_GH1Test2_14dat_AMARE_Control_Top_0_2022-02-10_09-42-07-470_Visible.jpg',)",45.0,99.99208068847656
"('rep4_RGB_GH1Test2_14dat_AMARE_Atrazine_Bottom_Angle_120_2022-02-10_09-21-25-091_Visible.jpg',)","('rep4_RGB_GH1Test2_14dat_AMARE_Control_Top_0_2022-02-10_09-42-07-470_Visible.jpg',)",45.0,85.74073791503906
"('rep4_RGB_GH1Test2_14dat_AMARE_Atrazine_Bottom_Angle_120_2022-02-10_09-21-25-091_Visible.jpg',)","('rep3_RGB_GH1Test2_14dat_AMARE_Control_Angle_120_2022-02-10_09-42-34-390_Visible.jpg',)",45.0,99.92646789550781
"('rep4_RGB_GH1Test2_14dat_AMARE_Atrazine_Bottom_Angle_120_2022-02-10_09-21-25-091_Visible.jpg',)","('rep2_RGB_GH1Test2_14dat_AMARE_Control_Angle_240_2022-02-10_09-44-47-763_Visible.jpg',)",45.0,97.66773986816406
"('rep4_RGB_GH1Test2_14dat_AMARE_Atrazine_Bottom_Angle_120_2022-02-10_09-21-25-091_Visible.jpg',)","('rep3_RGB_GH1Test2_14dat_AMARE_Control_Angle_300_2022-02-10_09-43-10-215_Visible.jpg',)",45.0,96.40547180175781
"('rep4_RGB_GH1Test2_14dat_AMARE_Atrazine_Bottom_Angle_120_2022-02-10_09-21-25-091_Visible.jpg',)","('rep3_RGB_GH1Test2_14dat_AMARE_Control_Top_0_2022-02-10_09-46-32-237_Visible.jpg',)",50.0,86.66917419433594
"('rep4_RGB_GH1Test2_14dat_AMARE_Atrazine_Bottom_Angle_120_2022-02-10_09-21-25-091_Visible.jpg',)","('rep4_RGB_GH1Test2_14dat_AMARE_Control_Top_0_2022-02-10_09-46-32-237_Visible.jpg',)",50.0,99.98316955566406
"('rep4_RGB_GH1Test2_14dat_AMARE_Atrazine_Bottom_Angle_120_2022-02-10_09-21-25-091_Visible.jpg',)","('rep2_RGB_GH1Test2_14dat_AMARE_Control_Top_0_2022-02-10_09-46-32-237_Visible.jpg',)",50.0,99.90838623046875
"('rep4_RGB_GH1Test2_14dat_AMARE_Atrazine_Bottom_Angle_120_2022-02-10_09-21-25-091_Visible.jpg',)","('rep3_RGB_GH1Test2_14dat_AMARE_Control_Angle_300_2022-02-10_09-43-10-215_Visible.jpg',)",50.0,96.04949951171875
"('rep4_RGB_GH1Test2_14dat_AMARE_Atrazine_Bottom_Angle_120_2022-02-10_09-21-25-091_Visible.jpg',)","('rep1_RGB_GH1Test2_14dat_AMARE_Control_Angle_60_2022-02-10_09-42-22-413_Visible.jpg',)",50.0,98.52606964111328
"('rep4_RGB_GH1Test2_14dat_AMARE_Atrazine_Bottom_Angle_120_2022-02-10_09-21-25-091_Visible.jpg',)","('rep1_RGB_GH1Test2_14dat_AMARE_Control_Angle_300_2022-02-10_09-49-25-576_Visible.jpg',)",50.0,92.84941864013672
"('rep4_RGB_GH1Test2_14dat_AMARE_Atrazine_Bottom_Angle_120_2022-02-10_09-21-25-091_Visible.jpg',)","('rep4_RGB_GH1Test2_14dat_AMARE_Control_Angle_180_2022-02-10_09-44-35-841_Visible.jpg',)",50.0,97.67953491210938
"('rep4_RGB_GH1Test2_14dat_AMARE_Dicamba_Bottom_Angle_120_2022-02-10_09-30-15-000_Visible.jpg',)","('rep4_RGB_GH1Test2_14dat_AMARE_Control_Angle_180_2022-02-10_09-49-01-347_Visible.jpg',)",70.0,83.82259368896484
"('rep4_RGB_GH1Test2_14dat_AMARE_Dicamba_Bottom_Angle_120_2022-02-10_09-30-15-000_Visible.jpg',)","('rep4_RGB_GH1Test2_14dat_AMARE_Control_Top_0_2022-02-10_09-42-07-470_Visible.jpg',)",75.0,88.22986602783203
"('rep4_RGB_GH1Test2_14dat_AMARE_Dicamba_Bottom_Angle_120_2022-02-10_09-30-15-000_Visible.jpg',)","('rep1_RGB_GH1Test2_14dat_AMARE_Control_Angle_0_2022-02-10_09-42-10-411_Visible.jpg',)",75.0,97.71199035644531
"('rep4_RGB_GH1Test2_14dat_AMARE_Dicamba_Bottom_Angle_120_2022-02-10_09-30-15-000_Visible.jpg',)","('rep2_RGB_GH1Test2_14dat_AMARE_Control_Angle_0_2022-02-10_09-42-10-411_Visible.jpg',)",75.0,99.96683502197266
"('rep4_RGB_GH1Test2_14dat_AMARE_Dicamba_Bottom_Angle_120_2022-02-10_09-30-15-000_Visible.jpg',)","('rep3_RGB_GH1Test2_14dat_AMARE_Control_Angle_300_2022-02-10_09-43-10-215_Visible.jpg',)",75.0,99.45510864257812
"('rep4_RGB_GH1Test2_14dat_AMARE_Dicamba_Bottom_Angle_120_2022-02-10_09-30-15-000_Visible.jpg',)","('rep4_RGB_GH1Test2_14dat_AMARE_Control_Angle_0_2022-02-10_09-43-59-975_Visible.jpg',)",75.0,99.99970245361328
"('rep4_RGB_GH1Test2_14dat_AMARE_Dicamba_Bottom_Angle_120_2022-02-10_09-30-15-000_Visible.jpg',)","('rep4_RGB_GH1Test2_14dat_AMARE_Control_Top_0_2022-02-10_09-46-32-237_Visible.jpg',)",75.0,99.95306396484375
"('rep4_RGB_GH1Test2_14dat_AMARE_Dicamba_Bottom_Angle_120_2022-02-10_09-30-15-000_Visible.jpg',)","('rep4_RGB_GH1Test2_14dat_AMARE_Control_Top_0_2022-02-10_09-43-57-062_Visible.jpg',)",75.0,98.44525146484375
"('rep4_RGB_GH1Test2_14dat_AMARE_Dicamba_Bottom_Angle_120_2022-02-10_09-30-15-000_Visible.jpg',)","('rep1_RGB_GH1Test2_14dat_AMARE_Control_Top_0_2022-02-10_09-48-22-432_Visible.jpg',)",75.0,99.39192199707031
"('rep4_RGB_GH1Test2_14dat_AMARE_Dicamba_Bottom_Angle_120_2022-02-10_09-30-15-000_Visible.jpg',)","('rep4_RGB_GH1Test2_14dat_AMARE_Control_Top_0_2022-02-10_09-48-22-432_Visible.jpg',)",75.0,79.70939636230469
"('rep4_RGB_GH1Test2_14dat_AMARE_Dicamba_Bottom_Angle_120_2022-02-10_09-30-15-000_Visible.jpg',)","('rep3_RGB_GH1Test2_14dat_AMARE_Control_Angle_60_2022-02-10_09-44-11-905_Visible.jpg',)",75.0,98.40033721923828
"('rep4_RGB_GH1Test2_14dat_AMARE_Dicamba_Bottom_Angle_120_2022-02-10_09-30-15-000_Visible.jpg',)","('rep1_RGB_GH1Test2_14dat_AMARE_Control_Angle_0_2022-02-10_09-48-25-306_Visible.jpg',)",75.0,99.64370727539062
"('rep4_RGB_GH1Test2_14dat_AMARE_Dicamba_Bottom_Angle_120_2022-02-10_09-30-15-000_Visible.jpg',)","('rep1_RGB_GH1Test2_14dat_AMARE_Control_Angle_300_2022-02-10_09-47-35-239_Visible.jpg',)",75.0,99.58185577392578
"('rep4_RGB_GH1Test2_14dat_AMARE_Dicamba_Bottom_Angle_120_2022-02-10_09-30-15-000_Visible.jpg',)","('rep2_RGB_GH1Test2_14dat_AMARE_Control_Top_0_2022-02-10_09-42-07-470_Visible.jpg',)",70.0,99.97306823730469
"('rep4_RGB_GH1Test2_14dat_AMARE_Dicamba_Bottom_Angle_120_2022-02-10_09-30-15-000_Visible.jpg',)","('rep4_RGB_GH1Test2_14dat_AMARE_Control_Top_0_2022-02-10_09-46-32-237_Visible.jpg',)",70.0,98.123046875
"('rep4_RGB_GH1Test2_14dat_AMARE_Dicamba_Bottom_Angle_120_2022-02-10_09-30-15-000_Visible.jpg',)","('rep1_RGB_GH1Test2_14dat_AMARE_Control_Top_0_2022-02-10_09-42-07-470_Visible.jpg',)",70.0,99.62867736816406
"('rep4_RGB_GH1Test2_14dat_AMARE_Dicamba_Bottom_Angle_120_2022-02-10_09-30-15-000_Visible.jpg',)","('rep1_RGB_GH1Test2_14dat_AMARE_Control_Angle_120_2022-02-10_09-48-49-271_Visible.jpg',)",70.0,96.3430404663086
"('rep4_RGB_GH1Test2_14dat_AMARE_Dicamba_Bottom_Angle_120_2022-02-10_09-30-15-000_Visible.jpg',)","('rep2_RGB_GH1Test2_14dat_AMARE_Control_Angle_300_2022-02-10_09-43-10-215_Visible.jpg',)",70.0,99.41805267333984
"('rep4_RGB_GH1Test2_14dat_AMARE_Dicamba_Bottom_Angle_120_2022-02-10_09-30-15-000_Visible.jpg',)","('rep3_RGB_GH1Test2_14dat_AMARE_Control_Angle_0_2022-02-10_09-42-10-411_Visible.jpg',)",70.0,99.31710815429688
"('rep4_RGB_GH1Test2_14dat_AMARE_Dicamba_Bottom_Angle_120_2022-02-10_09-30-15-000_Visible.jpg',)","('rep1_RGB_GH1Test2_14dat_AMARE_Control_Angle_0_2022-02-10_09-46-35-148_Visible.jpg',)",75.0,99.94683837890625
"('rep4_RGB_GH1Test2_14dat_AMARE_Dicamba_Bottom_Angle_120_2022-02-10_09-30-15-000_Visible.jpg',)","('rep3_RGB_GH1Test2_14dat_AMARE_Control_Top_0_2022-02-10_09-46-32-237_Visible.jpg',)",75.0,95.0640869140625
"('rep4_RGB_GH1Test2_14dat_AMARE_Dicamba_Top_Angle_300_2022-02-10_09-28-40-802_Visible.jpg',)","('rep2_RGB_GH1Test2_14dat_AMARE_Control_Angle_300_2022-02-10_09-44-59-738_Visible.jpg',)",90.0,100.0
"('rep4_RGB_GH1Test2_14dat_AMARE_Dicamba_Top_Angle_300_2022-02-10_09-28-40-802_Visible.jpg',)","('rep3_RGB_GH1Test2_14dat_AMARE_Control_Angle_300_2022-02-10_09-49-25-576_Visible.jpg',)",90.0,100.0
"('rep4_RGB_GH1Test2_14dat_AMARE_Dicamba_Top_Angle_300_2022-02-10_09-28-40-802_Visible.jpg',)","('rep2_RGB_GH1Test2_14dat_AMARE_Control_Angle_180_2022-02-10_09-47-11-266_Visible.jpg',)",90.0,100.0
"('rep4_RGB_GH1Test2_14dat_AMARE_Dicamba_Top_Angle_300_2022-02-10_09-28-40-802_Visible.jpg',)","('rep1_RGB_GH1Test2_14dat_AMARE_Control_Angle_0_2022-02-10_09-48-25-306_Visible.jpg',)",90.0,100.0
"('rep4_RGB_GH1Test2_14dat_AMARE_Dicamba_Top_Angle_300_2022-02-10_09-28-40-802_Visible.jpg',)","('rep1_RGB_GH1Test2_14dat_AMARE_Control_Top_0_2022-02-10_09-43-57-062_Visible.jpg',)",90.0,100.0
"('rep4_RGB_GH1Test2_14dat_AMARE_Dicamba_Top_Angle_300_2022-02-10_09-28-40-802_Visible.jpg',)","('rep3_RGB_GH1Test2_14dat_AMARE_Control_Top_0_2022-02-10_09-42-07-470_Visible.jpg',)",90.0,100.0
"('rep4_RGB_GH1Test2_14dat_AMARE_Dicamba_Top_Angle_300_2022-02-10_09-28-40-802_Visible.jpg',)","('rep2_RGB_GH1Test2_14dat_AMARE_Control_Top_0_2022-02-10_09-42-07-470_Visible.jpg',)",90.0,100.0
"('rep4_RGB_GH1Test2_14dat_AMARE_Mesotrione_Bottom_Angle_60_2022-02-10_09-16-50-791_Visible.jpg',)","('rep4_RGB_GH1Test2_14dat_AMARE_Control_Top_0_2022-02-10_09-46-32-237_Visible.jpg',)",70.0,72.42085266113281
"('rep4_RGB_GH1Test2_14dat_AMARE_Mesotrione_Bottom_Angle_60_2022-02-10_09-16-50-791_Visible.jpg',)","('rep1_RGB_GH1Test2_14dat_AMARE_Control_Top_0_2022-02-10_09-48-22-432_Visible.jpg',)",70.0,92.11422729492188
"('rep4_RGB_GH1Test2_14dat_AMARE_Mesotrione_Bottom_Angle_60_2022-02-10_09-16-50-791_Visible.jpg',)","('rep4_RGB_GH1Test2_14dat_AMARE_Control_Angle_60_2022-02-10_09-42-22-413_Visible.jpg',)",70.0,69.52597045898438
"('rep4_RGB_GH1Test2_14dat_AMARE_Mesotrione_Bottom_Angle_60_2022-02-10_09-16-50-791_Visible.jpg',)","('rep1_RGB_GH1Test2_14dat_AMARE_Control_Angle_0_2022-02-10_09-43-59-975_Visible.jpg',)",70.0,93.44194793701172
"('rep4_RGB_GH1Test2_14dat_AMARE_Mesotrione_Bottom_Angle_60_2022-02-10_09-16-50-791_Visible.jpg',)","('rep4_RGB_GH1Test2_14dat_AMARE_Control_Angle_0_2022-02-10_09-43-59-975_Visible.jpg',)",70.0,70.71377563476562
"('rep4_RGB_GH1Test2_14dat_AMARE_Mesotrione_Bottom_Angle_60_2022-02-10_09-16-50-791_Visible.jpg',)","('rep4_RGB_GH1Test2_14dat_AMARE_Control_Angle_240_2022-02-10_09-44-47-763_Visible.jpg',)",70.0,70.02938079833984
"('rep4_RGB_GH1Test2_14dat_AMARE_Mesotrione_Bottom_Angle_60_2022-02-10_09-16-50-791_Visible.jpg',)","('rep1_RGB_GH1Test2_14dat_AMARE_Control_Top_0_2022-02-10_09-43-57-062_Visible.jpg',)",70.0,75.35110473632812
"('rep4_RGB_GH1Test2_14dat_AMARE_Mesotrione_Bottom_Angle_60_2022-02-10_09-16-50-791_Visible.jpg',)","('rep1_RGB_GH1Test2_14dat_AMARE_Control_Top_0_2022-02-10_09-46-32-237_Visible.jpg',)",75.0,71.95299530029297
"('rep4_RGB_GH1Test2_14dat_AMARE_Mesotrione_Bottom_Angle_60_2022-02-10_09-16-50-791_Visible.jpg',)","('rep1_RGB_GH1Test2_14dat_AMARE_Control_Top_0_2022-02-10_09-43-57-062_Visible.jpg',)",75.0,71.30026245117188
"('rep4_RGB_GH1Test2_14dat_AMARE_Mesotrione_Bottom_Angle_60_2022-02-10_09-16-50-791_Visible.jpg',)","('rep2_RGB_GH1Test2_14dat_AMARE_Control_Top_0_2022-02-10_09-42-07-470_Visible.jpg',)",75.0,69.05748748779297
"('rep4_RGB_GH1Test2_14dat_AMARE_Mesotrione_Bottom_Angle_60_2022-02-10_09-16-50-791_Visible.jpg',)","('rep3_RGB_GH1Test2_14dat_AMARE_Control_Angle_240_2022-02-10_09-42-58-244_Visible.jpg',)",75.0,74.77584075927734
"('rep4_RGB_GH1Test2_14dat_AMARE_Mesotrione_Bottom_Angle_60_2022-02-10_09-16-50-791_Visible.jpg',)","('rep1_RGB_GH1Test2_14dat_AMARE_Control_Angle_300_2022-02-10_09-43-10-215_Visible.jpg',)",75.0,80.5526351928711
"('rep4_RGB_GH1Test2_14dat_AMARE_Mesotrione_Bottom_Angle_60_2022-02-10_09-16-50-791_Visible.jpg',)","('rep1_RGB_GH1Test2_14dat_AMARE_Control_Angle_180_2022-02-10_09-42-46-362_Visible.jpg',)",75.0,78.99754333496094
"('rep4_RGB_GH1Test2_14dat_AMARE_Mesotrione_Bottom_Angle_60_2022-02-10_09-16-50-791_Visible.jpg',)","('rep3_RGB_GH1Test2_14dat_AMARE_Control_Angle_300_2022-02-10_09-43-10-215_Visible.jpg',)",75.0,73.27375793457031
"('rep4_RGB_GH1Test2_14dat_AMARE_Mesotrione_Bottom_Angle_60_2022-02-10_09-16-50-791_Visible.jpg',)","('rep4_RGB_GH1Test2_14dat_AMARE_Control_Top_0_2022-02-10_09-48-22-432_Visible.jpg',)",80.0,85.62150573730469
"('rep4_RGB_GH1Test2_14dat_AMARE_Mesotrione_Bottom_Angle_60_2022-02-10_09-16-50-791_Visible.jpg',)","('rep2_RGB_GH1Test2_14dat_AMARE_Control_Top_0_2022-02-10_09-43-57-062_Visible.jpg',)",80.0,66.47904205322266
"('rep4_RGB_GH1Test2_14dat_AMARE_Mesotrione_Bottom_Angle_60_2022-02-10_09-16-50-791_Visible.jpg',)","('rep1_RGB_GH1Test2_14dat_AMARE_Control_Top_0_2022-02-10_09-48-22-432_Visible.jpg',)",80.0,69.77780151367188
"('rep4_RGB_GH1Test2_14dat_AMARE_Mesotrione_Bottom_Angle_60_2022-02-10_09-16-50-791_Visible.jpg',)","('rep3_RGB_GH1Test2_14dat_AMARE_Control_Angle_0_2022-02-10_09-42-10-411_Visible.jpg',)",80.0,96.5926284790039
"('rep4_RGB_GH1Test2_14dat_AMARE_Mesotrione_Bottom_Angle_60_2022-02-10_09-16-50-791_Visible.jpg',)","('rep2_RGB_GH1Test2_14dat_AMARE_Control_Angle_240_2022-02-10_09-44-47-763_Visible.jpg',)",80.0,68.55448913574219
"('rep4_RGB_GH1Test2_14dat_AMARE_Mesotrione_Bottom_Angle_60_2022-02-10_09-16-50-791_Visible.jpg',)","('rep4_RGB_GH1Test2_14dat_AMARE_Control_Angle_120_2022-02-10_09-44-23-954_Visible.jpg',)",80.0,84.07029724121094
"('rep4_RGB_GH1Test2_14dat_AMARE_Mesotrione_Bottom_Angle_60_2022-02-10_09-16-50-791_Visible.jpg',)","('rep4_RGB_GH1Test2_14dat_AMARE_Control_Angle_0_2022-02-10_09-43-59-975_Visible.jpg',)",80.0,88.21626281738281
"('rep4_RGB_GH1Test2_14dat_AMARE_Mesotrione_Top_Top_0_2022-02-10_09-14-08-745_Visible.jpg',)","('rep2_RGB_GH1Test2_14dat_AMARE_Control_Angle_240_2022-02-10_09-44-47-763_Visible.jpg',)",85.0,100.0
"('rep4_RGB_GH1Test2_14dat_AMARE_Mesotrione_Top_Top_0_2022-02-10_09-14-08-745_Visible.jpg',)","('rep4_RGB_GH1Test2_14dat_AMARE_Control_Top_0_2022-02-10_09-46-32-237_Visible.jpg',)",85.0,100.0
"('rep4_RGB_GH1Test2_14dat_AMARE_Mesotrione_Top_Top_0_2022-02-10_09-14-08-745_Visible.jpg',)","('rep2_RGB_GH1Test2_14dat_AMARE_Control_Top_0_2022-02-10_09-46-32-237_Visible.jpg',)",85.0,100.0
"('rep4_RGB_GH1Test2_14dat_AMARE_Mesotrione_Top_Top_0_2022-02-10_09-14-08-745_Visible.jpg',)","('rep4_RGB_GH1Test2_14dat_AMARE_Control_Top_0_2022-02-10_09-48-22-432_Visible.jpg',)",85.0,100.0
"('rep4_RGB_GH1Test2_14dat_AMARE_Mesotrione_Top_Top_0_2022-02-10_09-14-08-745_Visible.jpg',)","('rep2_RGB_GH1Test2_14dat_AMARE_Control_Angle_120_2022-02-10_09-46-59-176_Visible.jpg',)",85.0,100.0
"('rep4_RGB_GH1Test2_14dat_AMARE_Mesotrione_Top_Top_0_2022-02-10_09-14-08-745_Visible.jpg',)","('rep2_RGB_GH1Test2_14dat_AMARE_Control_Angle_180_2022-02-10_09-42-46-362_Visible.jpg',)",85.0,100.0
"('rep4_RGB_GH1Test2_14dat_AMARE_Mesotrione_Top_Top_0_2022-02-10_09-14-08-745_Visible.jpg',)","('rep1_RGB_GH1Test2_14dat_AMARE_Control_Angle_240_2022-02-10_09-42-58-244_Visible.jpg',)",85.0,100.0
"('rep4_RGB_GH1Test2_14dat_AMARE_Mesotrione_Top_Top_0_2022-02-10_09-14-08-745_Visible.jpg',)","('rep1_RGB_GH1Test2_14dat_AMARE_Control_Angle_180_2022-02-10_09-44-35-841_Visible.jpg',)",85.0,100.0
"('rep4_RGB_GH1Test2_14dat_AMARE_Mesotrione_Top_Top_0_2022-02-10_09-14-08-745_Visible.jpg',)","('rep2_RGB_GH1Test2_14dat_AMARE_Control_Top_0_2022-02-10_09-43-57-062_Visible.jpg',)",85.0,100.0
"('rep4_RGB_GH1Test2_14dat_AMARE_Mesotrione_Top_Top_0_2022-02-10_09-14-08-745_Visible.jpg',)","('rep3_RGB_GH1Test2_14dat_AMARE_Control_Top_0_2022-02-10_09-46-32-237_Visible.jpg',)",85.0,100.0
"('rep4_RGB_GH1Test2_14dat_AMARE_Mesotrione_Top_Top_0_2022-02-10_09-14-08-745_Visible.jpg',)","('rep3_RGB_GH1Test2_14dat_AMARE_Control_Angle_180_2022-02-10_09-49-01-347_Visible.jpg',)",85.0,100.0
"('rep4_RGB_GH1Test2_14dat_AMARE_Mesotrione_Top_Top_0_2022-02-10_09-14-08-745_Visible.jpg',)","('rep4_RGB_GH1Test2_14dat_AMARE_Control_Angle_60_2022-02-10_09-46-47-099_Visible.jpg',)",85.0,100.0
"('rep4_RGB_GH1Test2_14dat_AMARE_Mesotrione_Top_Top_0_2022-02-10_09-14-08-745_Visible.jpg',)","('rep4_RGB_GH1Test2_14dat_AMARE_Control_Angle_120_2022-02-10_09-44-23-954_Visible.jpg',)",85.0,100.0
"('rep4_RGB_GH1Test2_14dat_AMARE_Mesotrione_Top_Top_0_2022-02-10_09-14-08-745_Visible.jpg',)","('rep1_RGB_GH1Test2_14dat_AMARE_Control_Top_0_2022-02-10_09-48-22-432_Visible.jpg',)",85.0,100.0
"('rep4_RGB_GH1Test2_14dat_AMARE_Mesotrione_Top_Top_0_2022-02-10_09-14-08-745_Visible.jpg',)","('rep2_RGB_GH1Test2_14dat_AMARE_Control_Top_0_2022-02-10_09-42-07-470_Visible.jpg',)",95.0,100.0
"('rep4_RGB_GH1Test2_14dat_AMARE_Mesotrione_Top_Top_0_2022-02-10_09-14-08-745_Visible.jpg',)","('rep3_RGB_GH1Test2_14dat_AMARE_Control_Angle_300_2022-02-10_09-47-35-239_Visible.jpg',)",95.0,100.0
"('rep4_RGB_GH1Test2_14dat_AMARE_Mesotrione_Top_Top_0_2022-02-10_09-14-08-745_Visible.jpg',)","('rep1_RGB_GH1Test2_14dat_AMARE_Control_Angle_180_2022-02-10_09-47-11-266_Visible.jpg',)",95.0,100.0
"('rep4_RGB_GH1Test2_14dat_AMARE_Mesotrione_Top_Top_0_2022-02-10_09-14-08-745_Visible.jpg',)","('rep2_RGB_GH1Test2_14dat_AMARE_Control_Angle_0_2022-02-10_09-43-59-975_Visible.jpg',)",95.0,100.0
"('rep4_RGB_GH1Test2_14dat_AMARE_Mesotrione_Top_Top_0_2022-02-10_09-14-08-745_Visible.jpg',)","('rep2_RGB_GH1Test2_14dat_AMARE_Control_Angle_180_2022-02-10_09-42-46-362_Visible.jpg',)",95.0,100.0
"('rep4_RGB_GH1Test2_14dat_AMARE_Mesotrione_Top_Top_0_2022-02-10_09-14-08-745_Visible.jpg',)","('rep1_RGB_GH1Test2_14dat_AMARE_Control_Top_0_2022-02-10_09-46-32-237_Visible.jpg',)",95.0,100.0
"('rep4_RGB_GH1Test2_14dat_AMARE_Mesotrione_Top_Top_0_2022-02-10_09-14-08-745_Visible.jpg',)","('rep1_RGB_GH1Test2_14dat_AMARE_Control_Top_0_2022-02-10_09-43-57-062_Visible.jpg',)",95.0,100.0
"('rep4_RGB_GH1Test2_14dat_AMARE_PAGAN_Bottom_Angle_300_2022-02-10_09-26-30-646_Visible.jpg',)","('rep2_RGB_GH1Test2_14dat_AMARE_Control_Top_0_2022-02-10_09-43-57-062_Visible.jpg',)",20.0,38.619407653808594
"('rep4_RGB_GH1Test2_14dat_AMARE_PAGAN_Bottom_Angle_300_2022-02-10_09-26-30-646_Visible.jpg',)","('rep4_RGB_GH1Test2_14dat_AMARE_Control_Top_0_2022-02-10_09-43-57-062_Visible.jpg',)",20.0,37.4169921875
"('rep4_RGB_GH1Test2_14dat_AMARE_PAGAN_Bottom_Angle_300_2022-02-10_09-26-30-646_Visible.jpg',)","('rep3_RGB_GH1Test2_14dat_AMARE_Control_Angle_60_2022-02-10_09-44-11-905_Visible.jpg',)",20.0,36.93122863769531
"('rep4_RGB_GH1Test2_14dat_AMARE_PAGAN_Bottom_Angle_300_2022-02-10_09-26-30-646_Visible.jpg',)","('rep3_RGB_GH1Test2_14dat_AMARE_Control_Angle_240_2022-02-10_09-44-47-763_Visible.jpg',)",20.0,39.23735809326172
"('rep4_RGB_GH1Test2_14dat_AMARE_PAGAN_Bottom_Angle_300_2022-02-10_09-26-30-646_Visible.jpg',)","('rep3_RGB_GH1Test2_14dat_AMARE_Control_Angle_0_2022-02-10_09-48-25-306_Visible.jpg',)",20.0,48.65126037597656
"('rep4_RGB_GH1Test2_14dat_AMARE_PAGAN_Bottom_Angle_300_2022-02-10_09-26-30-646_Visible.jpg',)","('rep2_RGB_GH1Test2_14dat_AMARE_Control_Angle_240_2022-02-10_09-49-13-495_Visible.jpg',)",20.0,39.18159484863281
"('rep4_RGB_GH1Test2_14dat_AMARE_PAGAN_Bottom_Angle_300_2022-02-10_09-26-30-646_Visible.jpg',)","('rep4_RGB_GH1Test2_14dat_AMARE_Control_Top_0_2022-02-10_09-42-07-470_Visible.jpg',)",20.0,36.456077575683594
"('rep4_RGB_GH1Test2_14dat_AMARE_PAGAN_Bottom_Angle_300_2022-02-10_09-26-30-646_Visible.jpg',)","('rep4_RGB_GH1Test2_14dat_AMARE_Control_Top_0_2022-02-10_09-46-32-237_Visible.jpg',)",40.0,39.45281982421875
"('rep4_RGB_GH1Test2_14dat_AMARE_PAGAN_Bottom_Angle_300_2022-02-10_09-26-30-646_Visible.jpg',)","('rep4_RGB_GH1Test2_14dat_AMARE_Control_Top_0_2022-02-10_09-48-22-432_Visible.jpg',)",40.0,37.58463668823242
"('rep4_RGB_GH1Test2_14dat_AMARE_PAGAN_Bottom_Angle_300_2022-02-10_09-26-30-646_Visible.jpg',)","('rep3_RGB_GH1Test2_14dat_AMARE_Control_Top_0_2022-02-10_09-46-32-237_Visible.jpg',)",40.0,44.85814666748047
"('rep4_RGB_GH1Test2_14dat_AMARE_PAGAN_Bottom_Angle_300_2022-02-10_09-26-30-646_Visible.jpg',)","('rep3_RGB_GH1Test2_14dat_AMARE_Control_Angle_60_2022-02-10_09-42-22-413_Visible.jpg',)",40.0,39.14794158935547
"('rep4_RGB_GH1Test2_14dat_AMARE_PAGAN_Bottom_Angle_300_2022-02-10_09-26-30-646_Visible.jpg',)","('rep2_RGB_GH1Test2_14dat_AMARE_Control_Angle_180_2022-02-10_09-42-46-362_Visible.jpg',)",40.0,37.32887649536133
"('rep4_RGB_GH1Test2_14dat_AMARE_PAGAN_Bottom_Angle_300_2022-02-10_09-26-30-646_Visible.jpg',)","('rep2_RGB_GH1Test2_14dat_AMARE_Control_Angle_120_2022-02-10_09-46-59-176_Visible.jpg',)",40.0,39.65365982055664
"('rep4_RGB_GH1Test2_14dat_AMARE_PAGAN_Bottom_Angle_300_2022-02-10_09-26-30-646_Visible.jpg',)","('rep2_RGB_GH1Test2_14dat_AMARE_Control_Angle_0_2022-02-10_09-48-25-306_Visible.jpg',)",40.0,38.31189727783203
"('rep4_RGB_GH1Test2_14dat_AMARE_PAGAN_Bottom_Angle_300_2022-02-10_09-26-30-646_Visible.jpg',)","('rep2_RGB_GH1Test2_14dat_AMARE_Control_Top_0_2022-02-10_09-43-57-062_Visible.jpg',)",45.0,37.561988830566406
"('rep4_RGB_GH1Test2_14dat_AMARE_PAGAN_Bottom_Angle_300_2022-02-10_09-26-30-646_Visible.jpg',)","('rep3_RGB_GH1Test2_14dat_AMARE_Control_Top_0_2022-02-10_09-43-57-062_Visible.jpg',)",45.0,48.29979705810547
"('rep4_RGB_GH1Test2_14dat_AMARE_PAGAN_Bottom_Angle_300_2022-02-10_09-26-30-646_Visible.jpg',)","('rep1_RGB_GH1Test2_14dat_AMARE_Control_Top_0_2022-02-10_09-43-57-062_Visible.jpg',)",45.0,41.15929412841797
"('rep4_RGB_GH1Test2_14dat_AMARE_PAGAN_Bottom_Angle_300_2022-02-10_09-26-30-646_Visible.jpg',)","('rep3_RGB_GH1Test2_14dat_AMARE_Control_Angle_60_2022-02-10_09-46-47-099_Visible.jpg',)",45.0,38.16139221191406
"('rep4_RGB_GH1Test2_14dat_AMARE_PAGAN_Bottom_Angle_300_2022-02-10_09-26-30-646_Visible.jpg',)","('rep2_RGB_GH1Test2_14dat_AMARE_Control_Angle_240_2022-02-10_09-44-47-763_Visible.jpg',)",45.0,42.142704010009766
"('rep4_RGB_GH1Test2_14dat_AMARE_PAGAN_Bottom_Angle_300_2022-02-10_09-26-30-646_Visible.jpg',)","('rep2_RGB_GH1Test2_14dat_AMARE_Control_Angle_240_2022-02-10_09-42-58-244_Visible.jpg',)",45.0,38.18827438354492
"('rep4_RGB_GH1Test2_14dat_AMARE_PAGAN_Bottom_Angle_300_2022-02-10_09-26-30-646_Visible.jpg',)","('rep4_RGB_GH1Test2_14dat_AMARE_Control_Angle_300_2022-02-10_09-44-59-738_Visible.jpg',)",45.0,44.62913131713867
"('rep4_RGB_GH1Test2_14dat_AMARE_PAGAN_Top_Top_0_2022-02-10_09-23-16-102_Visible.jpg',)","('rep2_RGB_GH1Test2_14dat_AMARE_Control_Angle_0_2022-02-10_09-48-25-306_Visible.jpg',)",65.0,98.42206573486328
"('rep4_RGB_GH1Test2_14dat_AMARE_PAGAN_Top_Top_0_2022-02-10_09-23-16-102_Visible.jpg',)","('rep4_RGB_GH1Test2_14dat_AMARE_Control_Top_0_2022-02-10_09-42-07-470_Visible.jpg',)",70.0,81.64295196533203
"('rep4_RGB_GH1Test2_14dat_AMARE_PAGAN_Top_Top_0_2022-02-10_09-23-16-102_Visible.jpg',)","('rep2_RGB_GH1Test2_14dat_AMARE_Control_Angle_120_2022-02-10_09-42-34-390_Visible.jpg',)",70.0,92.45067596435547
"('rep4_RGB_GH1Test2_14dat_AMARE_PAGAN_Top_Top_0_2022-02-10_09-23-16-102_Visible.jpg',)","('rep1_RGB_GH1Test2_14dat_AMARE_Control_Angle_120_2022-02-10_09-42-34-390_Visible.jpg',)",70.0,96.4261703491211
"('rep4_RGB_GH1Test2_14dat_AMARE_PAGAN_Top_Top_0_2022-02-10_09-23-16-102_Visible.jpg',)","('rep1_RGB_GH1Test2_14dat_AMARE_Control_Angle_0_2022-02-10_09-43-59-975_Visible.jpg',)",70.0,95.1142349243164
"('rep4_RGB_GH1Test2_14dat_AMARE_PAGAN_Top_Top_0_2022-02-10_09-23-16-102_Visible.jpg',)","('rep3_RGB_GH1Test2_14dat_AMARE_Control_Angle_240_2022-02-10_09-44-47-763_Visible.jpg',)",70.0,72.05033874511719
"('rep4_RGB_GH1Test2_14dat_AMARE_PAGAN_Top_Top_0_2022-02-10_09-23-16-102_Visible.jpg',)","('rep4_RGB_GH1Test2_14dat_AMARE_Control_Top_0_2022-02-10_09-42-07-470_Visible.jpg',)",65.0,78.70833587646484
"('rep4_RGB_GH1Test2_14dat_AMARE_PAGAN_Top_Top_0_2022-02-10_09-23-16-102_Visible.jpg',)","('rep3_RGB_GH1Test2_14dat_AMARE_Control_Top_0_2022-02-10_09-42-07-470_Visible.jpg',)",65.0,79.31694793701172
"('rep4_RGB_GH1Test2_14dat_AMARE_PAGAN_Top_Top_0_2022-02-10_09-23-16-102_Visible.jpg',)","('rep4_RGB_GH1Test2_14dat_AMARE_Control_Top_0_2022-02-10_09-46-32-237_Visible.jpg',)",65.0,96.80354309082031
"('rep4_RGB_GH1Test2_14dat_AMARE_PAGAN_Top_Top_0_2022-02-10_09-23-16-102_Visible.jpg',)","('rep1_RGB_GH1Test2_14dat_AMARE_Control_Top_0_2022-02-10_09-48-22-432_Visible.jpg',)",70.0,87.71248626708984
"('rep4_RGB_GH1Test2_14dat_AMARE_PAGAN_Top_Top_0_2022-02-10_09-23-16-102_Visible.jpg',)","('rep3_RGB_GH1Test2_14dat_AMARE_Control_Angle_240_2022-02-10_09-42-58-244_Visible.jpg',)",65.0,83.61766052246094
"('rep4_RGB_GH1Test2_14dat_AMARE_PAGAN_Top_Top_0_2022-02-10_09-23-16-102_Visible.jpg',)","('rep3_RGB_GH1Test2_14dat_AMARE_Control_Angle_300_2022-02-10_09-47-35-239_Visible.jpg',)",65.0,87.95365905761719
"('rep4_RGB_GH1Test2_14dat_AMARE_PAGAN_Top_Top_0_2022-02-10_09-23-16-102_Visible.jpg',)","('rep2_RGB_GH1Test2_14dat_AMARE_Control_Angle_300_2022-02-10_09-49-25-576_Visible.jpg',)",65.0,98.87434387207031
"('rep4_RGB_GH1Test2_14dat_AMARE_PAGAN_Top_Top_0_2022-02-10_09-23-16-102_Visible.jpg',)","('rep2_RGB_GH1Test2_14dat_AMARE_Control_Top_0_2022-02-10_09-42-07-470_Visible.jpg',)",65.0,98.02438354492188
"('rep4_RGB_GH1Test2_14dat_AMARE_PAGAN_Top_Top_0_2022-02-10_09-23-16-102_Visible.jpg',)","('rep1_RGB_GH1Test2_14dat_AMARE_Control_Top_0_2022-02-10_09-43-57-062_Visible.jpg',)",65.0,88.34696197509766
"('rep4_RGB_GH1Test2_14dat_AMARE_PAGAN_Top_Top_0_2022-02-10_09-23-16-102_Visible.jpg',)","('rep3_RGB_GH1Test2_14dat_AMARE_Control_Top_0_2022-02-10_09-48-22-432_Visible.jpg',)",65.0,78.71751403808594
"('rep4_RGB_GH1Test2_14dat_AMARE_PAGAN_Top_Top_0_2022-02-10_09-23-16-102_Visible.jpg',)","('rep1_RGB_GH1Test2_14dat_AMARE_Control_Angle_120_2022-02-10_09-48-49-271_Visible.jpg',)",65.0,97.34351348876953
"('rep4_RGB_GH1Test2_14dat_AMARE_PAGAN_Top_Top_0_2022-02-10_09-23-16-102_Visible.jpg',)","('rep3_RGB_GH1Test2_14dat_AMARE_Control_Angle_240_2022-02-10_09-44-47-763_Visible.jpg',)",65.0,92.62259674072266
"('rep4_RGB_GH1Test2_14dat_AMARE_PAGAN_Top_Top_0_2022-02-10_09-23-16-102_Visible.jpg',)","('rep4_RGB_GH1Test2_14dat_AMARE_Control_Angle_240_2022-02-10_09-47-23-284_Visible.jpg',)",65.0,99.91325378417969
"('rep4_RGB_GH1Test2_14dat_AMARE_PAGAN_Top_Top_0_2022-02-10_09-23-16-102_Visible.jpg',)","('rep3_RGB_GH1Test2_14dat_AMARE_Control_Angle_120_2022-02-10_09-44-23-954_Visible.jpg',)",65.0,89.00081634521484
"('rep4_RGB_GH1Test2_14dat_AMARE_PAGAN_Top_Top_0_2022-02-10_09-23-16-102_Visible.jpg',)","('rep1_RGB_GH1Test2_14dat_AMARE_Control_Top_0_2022-02-10_09-46-32-237_Visible.jpg',)",70.0,94.8197021484375
"('rep4_RGB_GH1Test2_14dat_AMARE_Pinoxaden_Bottom_Angle_60_2022-02-10_09-34-18-951_Visible.jpg',)","('rep2_RGB_GH1Test2_14dat_AMARE_Control_Angle_120_2022-02-10_09-46-59-176_Visible.jpg',)",10.0,21.53888511657715
"('rep4_RGB_GH1Test2_14dat_AMARE_Pinoxaden_Bottom_Angle_60_2022-02-10_09-34-18-951_Visible.jpg',)","('rep3_RGB_GH1Test2_14dat_AMARE_Control_Top_0_2022-02-10_09-43-57-062_Visible.jpg',)",0.0,21.487804412841797
"('rep4_RGB_GH1Test2_14dat_AMARE_Pinoxaden_Bottom_Angle_60_2022-02-10_09-34-18-951_Visible.jpg',)","('rep4_RGB_GH1Test2_14dat_AMARE_Control_Angle_300_2022-02-10_09-49-25-576_Visible.jpg',)",0.0,30.376514434814453
"('rep4_RGB_GH1Test2_14dat_AMARE_Pinoxaden_Bottom_Angle_60_2022-02-10_09-34-18-951_Visible.jpg',)","('rep1_RGB_GH1Test2_14dat_AMARE_Control_Angle_120_2022-02-10_09-44-23-954_Visible.jpg',)",0.0,29.967018127441406
"('rep4_RGB_GH1Test2_14dat_AMARE_Pinoxaden_Bottom_Angle_60_2022-02-10_09-34-18-951_Visible.jpg',)","('rep3_RGB_GH1Test2_14dat_AMARE_Control_Angle_0_2022-02-10_09-46-35-148_Visible.jpg',)",0.0,16.787464141845703
"('rep4_RGB_GH1Test2_14dat_AMARE_Pinoxaden_Bottom_Angle_60_2022-02-10_09-34-18-951_Visible.jpg',)","('rep1_RGB_GH1Test2_14dat_AMARE_Control_Angle_180_2022-02-10_09-49-01-347_Visible.jpg',)",0.0,20.159608840942383
"('rep4_RGB_GH1Test2_14dat_AMARE_Pinoxaden_Bottom_Angle_60_2022-02-10_09-34-18-951_Visible.jpg',)","('rep3_RGB_GH1Test2_14dat_AMARE_Control_Top_0_2022-02-10_09-46-32-237_Visible.jpg',)",10.0,24.694908142089844
"('rep4_RGB_GH1Test2_14dat_AMARE_Pinoxaden_Bottom_Angle_60_2022-02-10_09-34-18-951_Visible.jpg',)","('rep4_RGB_GH1Test2_14dat_AMARE_Control_Top_0_2022-02-10_09-46-32-237_Visible.jpg',)",10.0,20.38315773010254
"('rep4_RGB_GH1Test2_14dat_AMARE_Pinoxaden_Bottom_Angle_60_2022-02-10_09-34-18-951_Visible.jpg',)","('rep1_RGB_GH1Test2_14dat_AMARE_Control_Top_0_2022-02-10_09-48-22-432_Visible.jpg',)",10.0,22.789695739746094
"('rep4_RGB_GH1Test2_14dat_AMARE_Pinoxaden_Bottom_Angle_60_2022-02-10_09-34-18-951_Visible.jpg',)","('rep4_RGB_GH1Test2_14dat_AMARE_Control_Top_0_2022-02-10_09-46-32-237_Visible.jpg',)",0.0,22.615924835205078
"('rep4_RGB_GH1Test2_14dat_AMARE_Pinoxaden_Bottom_Angle_60_2022-02-10_09-34-18-951_Visible.jpg',)","('rep2_RGB_GH1Test2_14dat_AMARE_Control_Angle_300_2022-02-10_09-44-59-738_Visible.jpg',)",10.0,16.65591812133789
"('rep4_RGB_GH1Test2_14dat_AMARE_Pinoxaden_Bottom_Angle_60_2022-02-10_09-34-18-951_Visible.jpg',)","('rep2_RGB_GH1Test2_14dat_AMARE_Control_Angle_120_2022-02-10_09-42-34-390_Visible.jpg',)",10.0,33.37400436401367
"('rep4_RGB_GH1Test2_14dat_AMARE_Pinoxaden_Bottom_Angle_60_2022-02-10_09-34-18-951_Visible.jpg',)","('rep3_RGB_GH1Test2_14dat_AMARE_Control_Angle_120_2022-02-10_09-44-23-954_Visible.jpg',)",10.0,24.06539535522461
"('rep4_RGB_GH1Test2_14dat_AMARE_Pinoxaden_Bottom_Angle_60_2022-02-10_09-34-18-951_Visible.jpg',)","('rep3_RGB_GH1Test2_14dat_AMARE_Control_Top_0_2022-02-10_09-48-22-432_Visible.jpg',)",10.0,24.431697845458984
"('rep4_RGB_GH1Test2_14dat_AMARE_Pinoxaden_Bottom_Angle_60_2022-02-10_09-34-18-951_Visible.jpg',)","('rep4_RGB_GH1Test2_14dat_AMARE_Control_Top_0_2022-02-10_09-46-32-237_Visible.jpg',)",10.0,14.04472541809082
"('rep4_RGB_GH1Test2_14dat_AMARE_Pinoxaden_Bottom_Angle_60_2022-02-10_09-34-18-951_Visible.jpg',)","('rep4_RGB_GH1Test2_14dat_AMARE_Control_Top_0_2022-02-10_09-48-22-432_Visible.jpg',)",10.0,32.955596923828125
"('rep4_RGB_GH1Test2_14dat_AMARE_Pinoxaden_Bottom_Angle_60_2022-02-10_09-34-18-951_Visible.jpg',)","('rep2_RGB_GH1Test2_14dat_AMARE_Control_Angle_180_2022-02-10_09-47-11-266_Visible.jpg',)",10.0,28.912540435791016
"('rep4_RGB_GH1Test2_14dat_AMARE_Pinoxaden_Bottom_Angle_60_2022-02-10_09-34-18-951_Visible.jpg',)","('rep1_RGB_GH1Test2_14dat_AMARE_Control_Angle_300_2022-02-10_09-43-10-215_Visible.jpg',)",10.0,20.5008602142334
"('rep4_RGB_GH1Test2_14dat_AMARE_Pinoxaden_Bottom_Angle_60_2022-02-10_09-34-18-951_Visible.jpg',)","('rep4_RGB_GH1Test2_14dat_AMARE_Control_Angle_60_2022-02-10_09-46-47-099_Visible.jpg',)",10.0,32.194297790527344
"('rep4_RGB_GH1Test2_14dat_AMARE_Pinoxaden_Bottom_Angle_60_2022-02-10_09-34-18-951_Visible.jpg',)","('rep2_RGB_GH1Test2_14dat_AMARE_Control_Angle_240_2022-02-10_09-49-13-495_Visible.jpg',)",10.0,15.863527297973633
"('rep4_RGB_GH1Test2_14dat_AMARE_Pinoxaden_Bottom_Angle_60_2022-02-10_09-34-18-951_Visible.jpg',)","('rep3_RGB_GH1Test2_14dat_AMARE_Control_Top_0_2022-02-10_09-46-32-237_Visible.jpg',)",0.0,34.20193862915039
